Average delay	Time
0	0409
0	0434
0	0458
0	0251
0	0246
0	0356
1	0449
1	0214
1	0253
1	0513
2	0433
2	0201
2	0216
2	0218
2	0224
2	0238
2	0231
2	0243
2	0518
2	0308
2	0314
2	0326
2	0331
3	0431
3	0437
3	0244
3	0254
3	0509
3	0503
3	0504
3	0527
3	0312
3	0324
3	0320
4	0154
4	0406
4	0419
4	0430
4	0208
4	0459
4	0229
4	0508
4	0524
4	0529
4	0536
4	0315
4	0325
4	0359
4	0114
5	0455
5	0453
5	0452
5	0501
5	0521
5	0317
5	0333
5	0350
5	0355
6	0425
6	0438
6	0440
6	0451
6	0222
6	0240
6	0235
6	0502
6	0516
6	0517
6	0535
6	0539
6	0537
6	0546
6	0544
6	0547
6	0322
7	0448
7	0454
7	0225
7	0250
7	0258
7	0505
7	0523
7	0526
7	0538
7	0541
7	0542
7	0552
7	0553
8	0158
8	0601
8	0610
8	0615
8	0630
8	0635
8	0456
8	0500
8	0512
8	0510
8	0511
8	0525
8	0530
8	0531
8	0306
8	0548
8	0558
8	0330
9	0126
9	0152
9	0151
9	0600
9	0609
9	0606
9	0604
9	0605
9	0612
9	0619
9	0618
9	0616
9	0620
9	0625
9	0633
9	0634
9	0631
9	0637
9	0636
9	0645
9	0643
9	0640
9	0655
9	0420
9	0435
9	0450
9	0202
9	0211
9	0220
9	0221
9	0252
9	0247
9	0001
9	0021
9	0255
9	0011
9	0515
9	0520
9	0545
9	0543
9	0540
9	0557
9	0554
9	0550
9	0551
9	0323
10	0608
10	0602
10	0611
10	0617
10	0613
10	0614
10	0622
10	0623
10	0621
10	0628
10	0626
10	0624
10	0632
10	0639
10	0638
10	0402
10	0644
10	0642
10	0641
10	0648
10	0646
10	0647
10	0656
10	0650
10	0658
10	0205
10	0200
10	0212
10	0230
10	0227
10	0241
10	0245
10	0700
10	0708
10	0705
10	0703
10	0701
10	0710
10	0735
10	0514
11	0607
11	0629
11	0627
11	0649
11	0654
11	0651
11	0652
11	0415
11	0657
11	0442
11	0213
11	0219
11	0239
11	0003
11	0709
11	0707
11	0706
11	0704
11	0702
11	0719
11	0717
11	0714
11	0715
11	0713
11	0722
11	0720
11	0725
11	0723
11	0733
11	0730
11	0736
11	0740
11	0745
11	0522
11	0534
11	0533
11	0300
11	0549
11	0555
11	0340
11	0101
11	0112
12	0155
12	0808
12	0807
12	0805
12	0800
12	0810
12	0817
12	0815
12	0603
12	0653
12	0659
12	0426
12	0441
12	0206
12	0711
12	0718
12	0716
12	0712
12	0721
12	0727
12	0728
12	0726
12	0724
12	0732
12	0738
12	0739
12	0734
12	0741
12	0742
12	0506
12	0748
12	0746
12	0754
12	0755
12	0750
12	0519
12	0756
12	0556
12	0559
12	0115
13	0121
13	0122
13	0129
13	0157
13	0809
13	0806
13	0803
13	0819
13	0813
13	0814
13	0811
13	0812
13	0820
13	0821
13	0826
13	0824
13	0825
13	0822
13	0823
13	0832
13	0830
13	0839
13	0837
13	0838
13	0835
13	0836
13	0833
13	0840
13	0845
13	0854
13	0405
13	0422
13	0445
13	0210
13	0217
13	0232
13	0029
13	0729
13	0731
13	0737
13	0743
13	0744
13	0749
13	0747
13	0752
13	0753
13	0751
13	0758
13	0759
13	0757
13	0528
13	0106
13	0345
13	0109
13	0110
13	0119
14	0130
14	0142
14	0138
14	0139
14	0137
14	1000
14	0145
14	1010
14	1005
14	1015
14	1030
14	1035
14	0804
14	0802
14	0801
14	0818
14	0816
14	0828
14	0829
14	0827
14	0831
14	0834
14	0842
14	0843
14	0841
14	0848
14	0847
14	0844
14	0852
14	0850
14	0858
14	0855
14	0856
14	0207
14	0007
14	0905
14	0900
14	0915
14	0910
14	0920
14	0925
14	0930
14	0938
14	0939
14	0934
14	0935
14	0932
14	0933
14	0940
14	0532
14	0305
15	0131
15	0125
15	0140
15	0136
15	0135
15	0132
15	0133
15	0149
15	0147
15	0146
15	1020
15	1025
15	1040
15	1055
15	1045
15	0849
15	0846
15	0853
15	0851
15	0857
15	0411
15	1110
15	1105
15	1100
15	0040
15	0045
15	0059
15	0908
15	0903
15	0902
15	0917
15	0911
15	0929
15	0927
15	0928
15	0923
15	0924
15	0931
15	0936
15	0937
15	0947
15	0948
15	0945
15	0946
15	0950
15	0954
15	0955
15	0507
15	0105
15	0100
15	0120
15	0111
16	0123
16	0143
16	0156
16	1003
16	1002
16	1022
16	1019
16	2349
16	1014
16	1012
16	1028
16	1024
16	1037
16	1036
16	1051
16	1050
16	1049
16	1057
16	0859
16	0228
16	1106
16	1104
16	1109
16	1120
16	1115
16	1130
16	1125
16	1135
16	1145
16	0909
16	0907
16	0906
16	0904
16	0918
16	0919
16	0916
16	0912
16	0926
16	0922
16	0941
16	0942
16	0943
16	0944
16	0953
16	0951
16	0957
16	1200
17	0127
17	1215
17	0124
17	2300
17	1210
17	0141
17	1230
17	0153
17	1240
17	0148
17	1235
17	1011
17	2341
17	1008
17	1007
17	1006
17	1001
17	1009
17	1021
17	2352
17	1018
17	1017
17	1016
17	2345
17	1013
17	2344
17	2343
17	1032
17	1031
17	1029
17	1027
17	1023
17	1043
17	1042
17	1038
17	1034
17	1054
17	1053
17	1052
17	1047
17	1058
17	1056
17	0400
17	0446
17	0010
17	0006
17	1107
17	0015
17	1103
17	1102
17	1108
17	0030
17	1118
17	0025
17	1113
17	1112
17	1111
17	1132
17	0039
17	1140
17	0050
17	1139
17	1133
17	1150
17	0055
17	1155
17	0901
17	0914
17	0913
17	0921
17	0949
17	0958
17	0959
17	0956
17	0302
17	0347
17	0116
17	1205
17	1204
18	1220
18	1212
18	2315
18	1225
18	0134
18	0150
18	1250
18	2336
18	1004
18	1245
18	1258
18	1255
18	1033
18	1026
18	1044
18	1041
18	1039
18	1048
18	1046
18	1059
18	0215
18	1305
18	1302
18	1300
18	1330
18	0017
18	0013
18	1101
18	1117
18	1114
18	0022
18	1119
18	1129
18	0035
18	1143
18	1142
18	1141
18	1138
18	1137
18	1136
18	1134
18	1149
18	1159
18	1158
18	1157
18	1156
18	0952
18	0307
18	0335
18	0108
18	1206
18	1203
18	1202
18	0113
19	1217
19	0128
19	1216
19	1214
19	1213
19	1231
19	1228
19	1224
19	1223
19	2330
19	1232
19	2329
19	2340
19	1248
19	2350
19	1259
19	1257
19	2346
19	1256
19	2355
19	0209
19	1303
19	1301
19	1315
19	1310
19	0236
19	0005
19	1335
19	0009
19	1339
19	1121
19	1116
19	1128
19	1127
19	1124
19	1123
19	1122
19	1154
19	1152
19	1151
19	1148
19	1147
19	1146
19	1400
19	0117
19	1201
19	1209
19	1208
19	1207
20	2303
20	1211
20	1218
20	2320
20	1226
20	1222
20	1221
20	2310
20	1229
20	1242
20	1241
20	2328
20	1238
20	1236
20	0144
20	1253
20	2342
20	1252
20	1251
20	1249
20	1247
20	1246
20	2335
20	1244
20	2333
20	2348
20	2347
20	1254
20	2356
20	1304
20	1307
20	1306
20	1316
20	1312
20	1311
20	1327
20	1325
20	1324
20	1323
20	1320
20	1329
20	1328
20	1340
20	1336
20	1333
20	1332
20	1350
20	1348
20	0016
20	1345
20	0014
20	0019
20	1355
20	1131
20	0036
20	0033
20	2230
20	1153
20	1144
20	2257
20	1405
20	1415
20	1410
20	1420
20	1430
21	2305
21	1219
21	1227
21	2312
21	2311
21	2318
21	1239
21	1237
21	2325
21	1234
21	1233
21	2339
21	1243
21	2353
21	2351
21	2357
21	0401
21	1500
21	1309
21	1308
21	1313
21	1318
21	1317
21	1326
21	1321
21	1338
21	1337
21	1334
21	1331
21	0020
21	1343
21	0012
21	1359
21	0026
21	0042
21	0041
21	1126
21	2252
21	2245
21	2256
21	0310
21	1425
21	1440
21	1435
21	1445
22	1457
22	1456
22	1455
22	2313
22	2104
22	2359
22	2354
22	1502
22	1508
22	1505
22	1510
22	1515
22	1530
22	1314
22	1319
22	1322
22	1341
22	0002
22	1352
22	1351
22	1349
22	1346
22	1344
22	1342
22	1358
22	0027
22	1356
22	2200
22	2220
22	2215
22	2225
22	0044
22	2240
22	2235
22	2234
22	2250
22	2246
22	2255
22	1403
22	1409
22	1413
22	1436
22	0103
22	1451
22	1450
22	1446
22	0118
23	2304
23	2314
23	2327
23	2322
23	2337
23	2334
23	1503
23	1509
23	1506
23	1504
23	1513
23	1512
23	1511
23	1519
23	1518
23	1517
23	1525
23	1521
23	1520
23	1535
23	1533
23	2400
23	1347
23	2210
23	1357
23	0024
23	1354
23	1353
23	0037
23	2216
23	2232
23	0047
23	2223
23	2222
23	2236
23	2253
23	1600
23	1610
23	1615
23	1630
23	1402
23	1408
23	1411
23	1419
23	1429
23	1428
23	1427
23	1437
23	1432
23	1431
23	1439
23	1438
23	1447
23	1443
23	1449
24	1459
24	1458
24	1454
24	1453
24	1452
24	2323
24	2332
24	2101
24	2121
24	2123
24	2155
24	1507
24	1516
24	1523
24	1522
24	0203
24	0443
24	1537
24	1550
24	1545
24	1540
24	1555
24	0000
24	2207
24	2205
24	0023
24	2211
24	2219
24	2224
24	2239
24	2254
24	2247
24	2056
24	1605
24	1604
24	1620
24	1635
24	1404
24	1407
24	1414
24	1412
24	1418
24	1417
24	1416
24	1426
24	1424
24	1423
24	1421
24	1434
24	1433
24	0102
24	1448
24	1444
24	1442
24	1441
25	2302
25	2309
25	2308
25	2307
25	2316
25	0159
25	2111
25	2102
25	2117
25	2116
25	2133
25	2132
25	2138
25	2137
25	2145
25	1700
25	1501
25	0410
25	1514
25	1524
25	1528
25	1527
25	1536
25	1534
25	1532
25	1558
25	1557
25	1559
25	0004
25	0242
25	0031
25	0038
25	2231
25	2229
25	2226
25	2242
25	2241
25	2233
25	2251
25	2259
25	2258
25	2054
25	1609
25	1612
25	1618
25	1625
25	1633
25	1401
25	1640
25	1406
25	1422
25	0104
26	2301
26	2326
26	2108
26	2107
26	2106
26	2109
26	2122
26	2119
26	2118
26	2114
26	2112
26	2131
26	2130
26	2124
26	2144
26	2140
26	2139
26	2135
26	2150
26	1529
26	1526
26	1531
26	1538
26	1547
26	1546
26	1544
26	1543
26	1541
26	1548
26	1556
26	1554
26	1553
26	1551
26	2208
26	2218
26	2217
26	2214
26	0054
26	0046
26	2238
26	2248
26	2244
26	2033
26	2049
26	2047
26	2046
26	1818
26	1602
26	1601
26	1608
26	1607
26	1606
26	1603
26	1611
26	1617
26	1624
26	1629
26	1636
26	1646
26	1645
26	1648
26	1657
26	1655
26	1650
27	2306
27	2100
27	2338
27	2103
27	2358
27	2113
27	2128
27	2127
27	2126
27	2125
27	2143
27	2142
27	2136
27	2153
27	2148
27	2146
27	2159
27	2157
27	2156
27	1706
27	1705
27	1704
27	1703
27	1710
27	1715
27	1713
27	1731
27	1730
27	1755
27	1539
27	1549
27	1552
27	2202
27	2201
27	2213
27	2212
27	0034
27	2228
27	2227
27	0057
27	2249
27	2034
27	2030
27	2038
27	2036
27	2035
27	2053
27	2052
27	2051
27	2059
27	2057
27	1820
27	1830
27	1613
27	1619
27	1616
27	1614
27	1623
27	1622
27	1628
27	1627
27	1634
27	1631
27	1639
27	1638
27	1649
27	1656
27	1654
27	1651
28	2110
28	2120
28	2115
28	2129
28	2141
28	2134
28	2147
28	2158
28	1909
28	1907
28	1930
28	1701
28	1709
28	1708
28	1707
28	1702
28	1712
28	1711
28	1718
28	1958
28	1957
28	1722
28	1721
28	1720
28	1733
28	1732
28	1735
28	1745
28	1740
28	1750
28	1542
28	2206
28	2204
28	2203
28	0043
28	2025
28	2042
28	2040
28	2037
28	2048
28	2058
28	1800
28	1811
28	1810
28	1819
28	1817
28	1815
28	1812
28	1821
28	1828
28	1825
28	1833
28	1835
28	1841
28	1840
28	1858
28	1857
28	1621
28	1626
28	1632
28	1637
28	1644
28	1643
28	1647
28	1653
28	1652
28	1658
29	2319
29	2331
29	2105
29	2151
29	2149
29	1906
29	1910
29	1918
29	1915
29	1912
29	1911
29	1921
29	1920
29	1926
29	1925
29	1923
29	1922
29	1938
29	1935
29	1940
29	1948
29	1719
29	1717
29	1716
29	1956
29	1723
29	1729
29	1727
29	1726
29	1725
29	1724
29	1739
29	1737
29	1749
29	1748
29	1757
29	0032
29	0028
29	2221
29	2243
29	2237
29	2012
29	2020
29	2032
29	2031
29	2029
29	2028
29	2045
29	2044
29	2043
29	2041
29	1809
29	1808
29	1806
29	1805
29	1803
29	1801
29	1816
29	1814
29	1839
29	1849
29	1846
29	1845
29	1855
29	1853
29	1852
29	1850
29	1856
29	1642
29	1641
29	1659
30	2154
30	2152
30	1904
30	1900
30	1919
30	1917
30	1916
30	1913
30	1928
30	1927
30	1924
30	1932
30	1939
30	1936
30	1934
30	1945
30	1954
30	1951
30	1950
30	1714
30	1955
30	1728
30	1734
30	1738
30	1736
30	1744
30	1743
30	1747
30	1746
30	1754
30	1753
30	1751
30	2209
30	0051
30	2000
30	2011
30	2010
30	2006
30	2003
30	2002
30	2023
30	2022
30	2021
30	2017
30	2015
30	2013
30	2024
30	2039
30	2055
30	2050
30	1804
30	1802
30	1826
30	1824
30	1831
30	1838
30	1837
30	1836
30	1834
30	1844
30	1843
30	1842
30	1848
30	1847
30	1854
30	1851
31	2324
31	2321
31	1908
31	1903
31	1931
31	1937
31	1933
31	1941
31	1947
31	1953
31	1742
31	1741
31	1752
31	1758
31	0052
31	2001
31	2009
31	2007
31	2004
31	2019
31	2018
31	2014
31	2027
31	2026
31	1813
31	1822
31	1829
31	1823
31	1832
31	1859
32	2317
32	1905
32	1914
32	1929
32	1943
32	1942
32	1949
32	1952
32	1959
32	1756
32	0018
32	0056
32	2016
32	1807
32	1827
33	1759
33	0053
33	0058
33	2005
33	0301
34	1946
34	1944
34	0049
35	1902
35	0048
36	2008
37	1901
46	0008
51	0107
58	0352
60	0439
71	0337
