Average late aircraft delay	Flight number
0	3640
0	4961
0	2309
0	2307
0	3637
0	4968
0	4980
0	4981
0	4982
0	1
0	2
0	4
0	5
0	6
0	7
0	8
0	4973
0	9
0	4974
0	3646
0	4977
0	4978
0	4979
0	4990
0	4991
0	4992
0	4993
0	1000
0	2330
0	2327
0	2326
0	2324
0	4983
0	4984
0	3654
0	4985
0	4986
0	4987
0	4988
0	4989
0	1011
0	1010
0	1008
0	1007
0	1006
0	1005
0	1004
0	2335
0	1003
0	1002
0	1001
0	4994
0	4995
0	4996
0	4997
0	4998
0	4999
0	3684
0	1022
0	1020
0	2347
0	2343
0	3674
0	1032
0	1031
0	1030
0	1028
0	1026
0	1025
0	2354
0	1044
0	1043
0	1042
0	1041
0	2371
0	1039
0	1038
0	1036
0	2367
0	1035
0	1034
0	3697
0	3698
0	1055
0	1054
0	1053
0	1052
0	1051
0	1050
0	2381
0	1049
0	1048
0	1047
0	1046
0	1045
0	1066
0	1065
0	1064
0	1063
0	1062
0	1061
0	2392
0	1060
0	1059
0	1056
0	1075
0	1074
0	1073
0	1071
0	1070
0	1068
0	1067
0	1080
0	9800
0	1088
0	1086
0	1083
0	1082
0	1078
0	1091
0	1090
0	1099
0	1096
0	1095
0	1094
0	1092
0	200
0	201
0	202
0	203
0	204
0	206
0	207
0	210
0	211
0	214
0	215
0	218
0	219
0	8503
0	9851
0	220
0	222
0	223
0	224
0	225
0	226
0	227
0	228
0	229
0	230
0	231
0	232
0	234
0	235
0	236
0	238
0	239
0	240
0	241
0	242
0	243
0	244
0	245
0	247
0	248
0	249
0	250
0	251
0	252
0	253
0	254
0	255
0	256
0	257
0	258
0	259
0	9899
0	262
0	264
0	265
0	266
0	267
0	8575
0	270
0	271
0	272
0	273
0	275
0	276
0	277
0	280
0	281
0	282
0	283
0	284
0	285
0	286
0	287
0	288
0	289
0	290
0	291
0	292
0	293
0	295
0	297
0	298
0	3716
0	3714
0	3720
0	3737
0	2408
0	2407
0	3750
0	2416
0	2413
0	2420
0	1110
0	2441
0	1106
0	2436
0	1104
0	1103
0	1102
0	1100
0	2431
0	1121
0	1120
0	1118
0	1117
0	1115
0	1114
0	1112
0	3778
0	1119
0	1132
0	1131
0	2462
0	1130
0	1129
0	1128
0	1127
0	1125
0	2456
0	1124
0	1123
0	1122
0	3788
0	1142
0	1136
0	1135
0	1133
0	1154
0	1153
0	2482
0	1149
0	1148
0	1146
0	1145
0	1144
0	1164
0	1163
0	2492
0	1160
0	2490
0	1159
0	1157
0	2488
0	1175
0	1168
0	1184
0	1183
0	9910
0	1197
0	1193
0	1191
0	1188
0	9902
0	9900
0	9901
0	9912
0	8601
0	300
0	302
0	303
0	304
0	305
0	306
0	307
0	308
0	309
0	310
0	311
0	315
0	316
0	317
0	319
0	320
0	322
0	323
0	324
0	326
0	327
0	329
0	8619
0	8617
0	332
0	335
0	338
0	339
0	340
0	342
0	343
0	344
0	348
0	350
0	351
0	352
0	356
0	11
0	12
0	6000
0	6003
0	16
0	17
0	6004
0	19
0	361
0	362
0	364
0	366
0	20
0	21
0	22
0	23
0	25
0	6013
0	372
0	374
0	376
0	377
0	378
0	379
0	31
0	6021
0	34
0	37
0	39
0	380
0	382
0	384
0	386
0	388
0	389
0	6036
0	8699
0	393
0	394
0	395
0	396
0	397
0	398
0	57
0	60
0	63
0	68
0	6052
0	71
0	72
0	73
0	76
0	6065
0	78
0	6068
0	80
0	81
0	82
0	83
0	84
0	87
0	88
0	89
0	6072
0	90
0	91
0	92
0	93
0	95
0	97
0	99
0	6084
0	3827
0	3822
0	3823
0	3838
0	2501
0	2509
0	2506
0	2514
0	2510
0	2522
0	3851
0	2535
0	1203
0	1202
0	1201
0	2530
0	1207
0	2538
0	3882
0	1220
0	2548
0	1214
0	2544
0	1212
0	2542
0	1210
0	3877
0	3890
0	3891
0	1231
0	2561
0	1228
0	2559
0	1226
0	2557
0	1224
0	1222
0	2553
0	2552
0	2573
0	1240
0	1239
0	1238
0	1237
0	1236
0	1235
0	1233
0	2564
0	3898
0	3899
0	2584
0	1251
0	1250
0	1248
0	1247
0	1246
0	1245
0	1264
0	2595
0	1263
0	1262
0	2592
0	1260
0	1259
0	1258
0	1255
0	2586
0	1254
0	1275
0	1274
0	1273
0	1271
0	1270
0	1268
0	1267
0	1266
0	1265
0	1286
0	1285
0	1284
0	1281
0	1280
0	1279
0	1278
0	1277
0	1296
0	1295
0	1294
0	1293
0	1291
0	1290
0	1288
0	1299
0	1298
0	400
0	401
0	402
0	403
0	404
0	405
0	406
0	407
0	408
0	409
0	410
0	411
0	412
0	415
0	417
0	418
0	419
0	421
0	423
0	424
0	427
0	428
0	429
0	430
0	431
0	432
0	433
0	434
0	436
0	440
0	441
0	442
0	444
0	445
0	446
0	447
0	448
0	449
0	450
0	451
0	452
0	455
0	456
0	457
0	458
0	459
0	462
0	464
0	467
0	469
0	471
0	472
0	473
0	474
0	475
0	476
0	477
0	479
0	6106
0	6124
0	480
0	481
0	482
0	483
0	484
0	487
0	489
0	492
0	493
0	494
0	495
0	496
0	497
0	6170
0	3914
0	3924
0	2601
0	2607
0	3932
0	2605
0	2604
0	2610
0	2618
0	2617
0	2622
0	2621
0	3954
0	1305
0	2636
0	1303
0	1302
0	3963
0	1316
0	1314
0	1313
0	1311
0	1319
0	1318
0	1324
0	1323
0	1320
0	3986
0	1328
0	1341
0	2672
0	1340
0	1336
0	1332
0	2663
0	1352
0	2683
0	1351
0	1350
0	2680
0	1347
0	2678
0	1363
0	1361
0	1360
0	1359
0	1358
0	1357
0	2687
0	1353
0	1373
0	1371
0	1370
0	1368
0	1364
0	1384
0	1379
0	1375
0	1395
0	1391
0	1389
0	1388
0	1387
0	1399
0	500
0	501
0	502
0	504
0	505
0	506
0	507
0	508
0	509
0	510
0	512
0	514
0	516
0	517
0	518
0	520
0	521
0	522
0	523
0	524
0	526
0	7501
0	530
0	531
0	532
0	534
0	535
0	536
0	537
0	539
0	8843
0	540
0	542
0	545
0	546
0	548
0	549
0	7520
0	550
0	552
0	553
0	554
0	556
0	557
0	558
0	559
0	8845
0	560
0	561
0	563
0	567
0	568
0	569
0	570
0	571
0	572
0	573
0	576
0	7539
0	580
0	581
0	582
0	583
0	584
0	585
0	588
0	589
0	6233
0	8896
0	590
0	591
0	592
0	593
0	594
0	595
0	598
0	599
0	7558
0	7584
0	7581
0	6278
0	6288
0	2700
0	2709
0	2703
0	2710
0	2716
0	2724
0	2729
0	1403
0	2734
0	1402
0	1401
0	1405
0	1414
0	1412
0	2743
0	1411
0	1419
0	1417
0	2760
0	1426
0	1425
0	1424
0	1429
0	1428
0	1440
0	1436
0	1434
0	2762
0	1430
0	2761
0	1439
0	1438
0	1451
0	1450
0	2780
0	1446
0	1444
0	2775
0	1443
0	1449
0	1459
0	1458
0	1456
0	1455
0	1454
0	1453
0	1452
0	2783
0	1472
0	1466
0	1463
0	1484
0	1483
0	1482
0	1481
0	1480
0	1477
0	1476
0	1474
0	1495
0	1494
0	1492
0	1490
0	1487
0	1486
0	1485
0	1498
0	1496
0	600
0	602
0	603
0	604
0	605
0	606
0	609
0	610
0	611
0	612
0	614
0	615
0	616
0	617
0	618
0	619
0	620
0	621
0	622
0	623
0	625
0	8911
0	630
0	632
0	633
0	637
0	639
0	8942
0	640
0	641
0	642
0	645
0	650
0	652
0	653
0	654
0	657
0	659
0	6300
0	6302
0	6301
0	662
0	663
0	664
0	665
0	666
0	668
0	669
0	7625
0	6313
0	670
0	671
0	672
0	673
0	674
0	675
0	676
0	677
0	678
0	6304
0	679
0	7637
0	6308
0	6309
0	6321
0	7655
0	6323
0	680
0	682
0	684
0	686
0	6318
0	6331
0	5000
0	5001
0	5002
0	5004
0	691
0	692
0	693
0	694
0	696
0	698
0	699
0	5010
0	7675
0	5013
0	5015
0	5007
0	5020
0	6353
0	5016
0	7678
0	5031
0	5036
0	5037
0	6359
0	5029
0	6374
0	5045
0	5047
0	6379
0	5048
0	5040
0	5038
0	5039
0	6369
0	5053
0	5055
0	5056
0	5057
0	5058
0	5050
0	5051
0	6381
0	5063
0	5064
0	5065
0	5066
0	5067
0	5068
0	5069
0	5060
0	5061
0	5062
0	6392
0	5074
0	5075
0	5077
0	5078
0	5079
0	5070
0	5071
0	5072
0	5073
0	5085
0	5087
0	5088
0	5089
0	5080
0	5081
0	5082
0	5083
0	5084
0	2801
0	2806
0	2805
0	5097
0	5098
0	5099
0	5090
0	5091
0	5092
0	5094
0	5095
0	2810
0	1503
0	2834
0	1502
0	1501
0	2831
0	1508
0	1505
0	1504
0	2844
0	2843
0	1510
0	1518
0	1516
0	1515
0	1525
0	1523
0	1522
0	1521
0	1529
0	2859
0	1527
0	2857
0	2867
0	1534
0	1533
0	1531
0	1530
0	1537
0	1550
0	1544
0	1543
0	1542
0	1541
0	1549
0	1558
0	1557
0	1556
0	2887
0	1554
0	1552
0	1559
0	1572
0	1571
0	1570
0	1565
0	1580
0	1579
0	1578
0	1576
0	1574
0	1592
0	1587
0	1584
0	1598
0	1596
0	1595
0	700
0	701
0	702
0	703
0	704
0	705
0	706
0	707
0	708
0	711
0	712
0	715
0	716
0	717
0	718
0	719
0	720
0	722
0	724
0	728
0	732
0	734
0	735
0	736
0	737
0	738
0	739
0	741
0	742
0	743
0	744
0	745
0	746
0	747
0	748
0	752
0	754
0	755
0	757
0	758
0	759
0	7730
0	6401
0	6400
0	760
0	761
0	762
0	765
0	766
0	767
0	768
0	769
0	770
0	773
0	774
0	777
0	6403
0	779
0	7751
0	781
0	786
0	788
0	6414
0	789
0	5100
0	5101
0	5102
0	5103
0	790
0	793
0	795
0	796
0	797
0	798
0	799
0	6424
0	7755
0	6427
0	7759
0	5110
0	5111
0	5112
0	5113
0	5114
0	5104
0	5105
0	6435
0	5106
0	5107
0	5108
0	5109
0	5120
0	7783
0	5121
0	5122
0	5124
0	5125
0	5115
0	5116
0	5118
0	5119
0	5130
0	5131
0	5132
0	7793
0	5133
0	6465
0	5134
0	5135
0	5136
0	5126
0	5127
0	5128
0	5129
0	5140
0	5141
0	5142
0	5143
0	5144
0	5145
0	5146
0	5147
0	5137
0	5138
0	7799
0	5139
0	5151
0	5152
0	5153
0	5154
0	5155
0	5156
0	5157
0	5158
0	5150
0	5148
0	5149
0	6479
0	5163
0	5164
0	5165
0	6495
0	5167
0	5168
0	5169
0	5160
0	5159
0	5173
0	5174
0	5175
0	5176
0	5177
0	5178
0	5179
0	5170
0	5171
0	5172
0	5184
0	5185
0	5186
0	5187
0	5188
0	2909
0	5180
0	5181
0	5182
0	5183
0	2905
0	5195
0	5196
0	5197
0	5198
0	5199
0	5190
0	5191
0	5192
0	5193
0	5194
0	2911
0	1609
0	1607
0	2934
0	1612
0	1616
0	1615
0	1614
0	1622
0	1621
0	1620
0	1628
0	1626
0	1625
0	1635
0	1633
0	1632
0	1638
0	1637
0	1636
0	1646
0	2977
0	1644
0	1643
0	1642
0	1641
0	1640
0	1649
0	1648
0	1657
0	1656
0	1655
0	1654
0	1653
0	1652
0	1650
0	1658
0	1671
0	1670
0	1668
0	2998
0	1666
0	1665
0	1664
0	1663
0	1662
0	1661
0	1669
0	1682
0	1679
0	1678
0	1677
0	1675
0	1674
0	1672
0	1691
0	1690
0	1689
0	1688
0	1686
0	1683
0	1698
0	1696
0	1695
0	800
0	801
0	802
0	803
0	804
0	805
0	807
0	808
0	809
0	810
0	811
0	812
0	814
0	815
0	817
0	819
0	820
0	821
0	822
0	824
0	825
0	826
0	827
0	829
0	832
0	833
0	834
0	835
0	837
0	838
0	840
0	841
0	842
0	843
0	844
0	845
0	846
0	7806
0	850
0	851
0	853
0	854
0	855
0	859
0	7816
0	6500
0	7831
0	864
0	865
0	866
0	867
0	868
0	869
0	7827
0	6509
0	870
0	872
0	873
0	875
0	876
0	877
0	878
0	879
0	7834
0	7850
0	880
0	881
0	882
0	883
0	885
0	886
0	887
0	888
0	889
0	7846
0	7845
0	6517
0	7848
0	6516
0	7849
0	7862
0	5200
0	7861
0	5201
0	7864
0	5202
0	7863
0	890
0	891
0	892
0	893
0	895
0	897
0	898
0	899
0	7870
0	5210
0	5211
0	5203
0	5204
0	7868
0	5206
0	5207
0	5208
0	7869
0	5209
0	7880
0	5220
0	7881
0	5221
0	7884
0	5222
0	5223
0	5224
0	7885
0	5214
0	7877
0	5215
0	7876
0	5216
0	5217
0	6547
0	7878
0	5218
0	5219
0	7891
0	7890
0	5230
0	7893
0	5231
0	7892
0	5232
0	7895
0	5233
0	7894
0	5234
0	7897
0	5235
0	5225
0	5226
0	7887
0	5227
0	5228
0	7889
0	5229
0	5240
0	5241
0	5242
0	5243
0	5244
0	5245
0	5246
0	5236
0	5237
0	7898
0	5239
0	5250
0	5251
0	5252
0	5253
0	5254
0	6586
0	5255
0	5256
0	5257
0	5247
0	5249
0	5261
0	5262
0	5263
0	5264
0	5265
0	5266
0	5267
0	6599
0	5260
0	5258
0	5259
0	5272
0	5273
0	5274
0	5275
0	5276
0	5277
0	5279
0	5270
0	5271
0	5269
0	5284
0	5285
0	5286
0	5287
0	5288
0	5289
0	5280
0	5281
0	5282
0	5294
0	5295
0	5296
0	5298
0	5299
0	5290
0	5291
0	5292
0	5293
0	1700
0	1709
0	1708
0	1707
0	1706
0	1705
0	1704
0	1702
0	1712
0	1711
0	1719
0	1717
0	1715
0	1714
0	1713
0	1723
0	1722
0	1721
0	1720
0	1729
0	1728
0	1727
0	1726
0	1725
0	1724
0	1732
0	1739
0	1738
0	1737
0	1735
0	1745
0	1744
0	1743
0	1749
0	1748
0	1746
0	1755
0	1753
0	1752
0	1751
0	1750
0	1759
0	1757
0	1770
0	1767
0	1766
0	1765
0	1764
0	1768
0	1780
0	1778
0	1777
0	1776
0	1775
0	1774
0	1772
0	1771
0	1791
0	1790
0	1787
0	1786
0	1785
0	1784
0	1783
0	1782
0	1799
0	1797
0	1796
0	1795
0	1794
0	1793
0	900
0	903
0	904
0	906
0	910
0	911
0	912
0	913
0	917
0	920
0	921
0	922
0	923
0	924
0	927
0	928
0	930
0	938
0	939
0	7907
0	7906
0	7909
0	7908
0	940
0	941
0	942
0	943
0	944
0	7901
0	945
0	7900
0	946
0	947
0	7902
0	948
0	7905
0	7904
0	7917
0	950
0	952
0	953
0	7910
0	954
0	7912
0	956
0	7911
0	957
0	7914
0	7916
0	7915
0	7929
0	960
0	961
0	962
0	963
0	965
0	7920
0	966
0	967
0	7922
0	968
0	969
0	7924
0	7927
0	7926
0	7941
0	7940
0	6608
0	970
0	971
0	972
0	973
0	974
0	975
0	6600
0	977
0	7934
0	979
0	7938
0	7937
0	7950
0	7952
0	7951
0	980
0	981
0	984
0	985
0	986
0	6612
0	987
0	989
0	7947
0	7946
0	7949
0	7948
0	7961
0	5300
0	7963
0	5301
0	990
0	991
0	992
0	994
0	996
0	997
0	998
0	999
0	7956
0	7955
0	7957
0	7970
0	5310
0	7971
0	5311
0	5312
0	7973
0	5302
0	7965
0	5303
0	7964
0	5304
0	5305
0	5306
0	7969
0	5307
0	7968
0	5308
0	5309
0	7981
0	7980
0	5320
0	7983
0	5321
0	7982
0	5322
0	7985
0	5323
0	5313
0	7976
0	5314
0	7975
0	5315
0	7978
0	5316
0	6646
0	7977
0	5317
0	5318
0	7979
0	5319
0	7990
0	7992
0	5330
0	5331
0	7994
0	5332
0	7993
0	5333
0	7996
0	6664
0	7995
0	5324
0	5325
0	7986
0	5326
0	6658
0	7989
0	5327
0	5328
0	5329
0	5340
0	4010
0	5341
0	5342
0	5343
0	5344
0	6676
0	5345
0	5335
0	7998
0	5336
0	6666
0	7997
0	5337
0	5338
0	5339
0	5351
0	5352
0	6682
0	5353
0	5354
0	5355
0	5356
0	5346
0	5347
0	5348
0	5349
0	5360
0	5361
0	5362
0	5363
0	5364
0	5365
0	5366
0	5367
0	6690
0	5357
0	5358
0	6688
0	5359
0	5371
0	5372
0	5373
0	5374
0	5375
0	5376
0	5377
0	5378
0	5370
0	5368
0	5369
0	5382
0	5383
0	5384
0	5385
0	5386
0	5387
0	5389
0	5380
0	5381
0	5379
0	5393
0	5394
0	5395
0	5396
0	5397
0	5398
0	5399
0	5390
0	5391
0	5392
0	1809
0	1800
0	1808
0	1804
0	1802
0	1801
0	1810
0	1818
0	1817
0	1815
0	1822
0	1827
0	1825
0	1824
0	1823
0	1833
0	1839
0	1838
0	1837
0	1836
0	1834
0	1842
0	1841
0	1840
0	1848
0	1846
0	1845
0	1855
0	1852
0	1851
0	1850
0	1859
0	1858
0	1857
0	1856
0	1866
0	1864
0	1863
0	1862
0	1860
0	1868
0	1867
0	1877
0	1875
0	1874
0	1873
0	1872
0	1871
0	1879
0	1878
0	1890
0	1882
0	1889
0	1899
0	1898
0	1897
0	1896
0	1895
0	1892
0	6711
0	6713
0	6731
0	5400
0	6722
0	6741
0	5401
0	5402
0	6732
0	5403
0	5404
0	6734
0	5407
0	5420
0	5418
0	4100
0	5431
0	5432
0	4102
0	5423
0	5427
0	5429
0	5434
0	5436
0	5438
0	5439
0	5451
0	5453
0	4114
0	5447
0	5448
0	5460
0	5461
0	5462
0	5459
0	6789
0	5470
0	4140
0	5472
0	5473
0	4143
0	5474
0	5476
0	5467
0	6799
0	5468
0	5481
0	4152
0	5484
0	4154
0	5485
0	4155
0	5488
0	5493
0	5494
0	5496
0	5497
0	5498
0	5489
0	4176
0	4184
0	4186
0	1908
0	1907
0	1906
0	1905
0	1900
0	1916
0	1911
0	1921
0	1920
0	1928
0	1926
0	1922
0	1930
0	1938
0	1937
0	1936
0	1934
0	1943
0	1941
0	1949
0	1948
0	1945
0	1944
0	1959
0	1956
0	1964
0	1963
0	1961
0	1960
0	1969
0	1968
0	1967
0	1966
0	1974
0	1972
0	1971
0	1970
0	1978
0	1977
0	1985
0	1982
0	1981
0	9004
0	9001
0	9002
0	9008
0	9006
0	1995
0	1994
0	1992
0	1991
0	9016
0	9009
0	9024
0	6808
0	6801
0	6803
0	6819
0	6814
0	6827
0	5500
0	5501
0	5502
0	5504
0	5507
0	5512
0	5514
0	5530
0	5531
0	6863
0	5532
0	5522
0	5523
0	6855
0	5526
0	5528
0	6859
0	6870
0	5541
0	5542
0	5533
0	5535
0	5537
0	5538
0	5551
0	5552
0	5553
0	4223
0	4213
0	5544
0	5547
0	5560
0	6892
0	5562
0	5563
0	5555
0	5556
0	5559
0	5571
0	4242
0	5574
0	5575
0	5567
0	5568
0	5569
0	5581
0	5582
0	5583
0	5585
0	5586
0	5591
0	5592
0	5593
0	5595
0	5596
0	4266
0	5598
0	5588
0	5589
0	4272
0	5599
0	4269
0	6925
0	5601
0	6933
0	5602
0	5604
0	5605
0	5620
0	5612
0	5613
0	6946
0	5615
0	6962
0	5621
0	6955
0	5624
0	5642
0	5632
0	4304
0	5636
0	5639
0	5653
0	4312
0	6975
0	5644
0	4314
0	5646
0	6976
0	5661
0	6992
0	3002
0	6988
0	5658
0	4328
0	3011
0	3007
0	5666
0	5669
0	5683
0	3014
0	5676
0	5690
0	4360
0	5693
0	5695
0	4365
0	5687
0	4372
0	4374
0	4376
0	4382
0	4385
0	3079
0	3069
0	3083
0	3091
0	3095
0	9202
0	9200
0	9293
0	5706
0	5700
0	5701
0	5719
0	5713
0	5729
0	5723
0	5725
0	5727
0	5734
0	4420
0	4413
0	5759
0	4439
0	3123
0	5776
0	5786
0	3139
0	3165
0	3189
0	3192
0	9300
0	8004
0	9335
0	9336
0	8009
0	8028
0	8029
0	9351
0	8019
0	9368
0	5813
0	3200
0	3207
0	3218
0	3217
0	4548
0	5879
0	4572
0	3271
0	3298
0	3297
0	9400
0	9401
0	8109
0	8127
0	8125
0	9491
0	5913
0	4605
0	3306
0	3300
0	3309
0	4638
0	3315
0	4642
0	4660
0	2001
0	3325
0	4654
0	2009
0	2007
0	2022
0	3349
0	2017
0	3362
0	4699
0	2053
0	2052
0	3379
0	2065
0	2063
0	2061
0	2058
0	2069
0	9501
0	9513
0	9514
0	9511
0	9504
0	9505
0	9508
0	9524
0	9523
0	9517
0	9518
0	9515
0	9516
0	9519
0	9531
0	9528
0	9529
0	9540
0	9547
0	8213
0	9539
0	9554
0	9552
0	9550
0	9562
0	9568
0	9569
0	9567
0	9575
0	9576
0	9573
0	9574
0	9579
0	9571
0	9582
0	9583
0	9581
0	9599
0	4707
0	4715
0	4724
0	3409
0	3410
0	4748
0	4772
0	3442
0	2108
0	2103
0	2102
0	2101
0	2122
0	2119
0	2118
0	2117
0	3448
0	2116
0	2115
0	2112
0	3464
0	2132
0	2129
0	2127
0	3457
0	2123
0	2143
0	3472
0	2140
0	2139
0	2137
0	2136
0	2134
0	2153
0	2152
0	3482
0	3476
0	3496
0	2164
0	2157
0	2156
0	2177
0	2173
0	2172
0	2168
0	2190
0	2197
0	2195
0	2192
0	9601
0	9612
0	9613
0	9610
0	9611
0	9605
0	9606
0	9603
0	9604
0	9609
0	9607
0	9608
0	9616
0	9617
0	9614
0	9615
0	9618
0	9619
0	7000
0	7002
0	9661
0	7001
0	7004
0	7003
0	7006
0	7005
0	7011
0	7012
0	7015
0	7014
0	7008
0	7007
0	7009
0	7068
0	7064
0	4803
0	7090
0	4834
0	3525
0	3520
0	2207
0	2204
0	4863
0	4867
0	3539
0	2221
0	4892
0	3563
0	3574
0	2241
0	3570
0	2233
0	3564
0	2254
0	2265
0	2264
0	2259
0	2274
0	2270
0	3598
0	2277
0	8402
0	8403
0	100
0	101
0	102
0	103
0	104
0	107
0	108
0	9740
0	9741
0	111
0	114
0	115
0	116
0	118
0	8409
0	121
0	122
0	123
0	124
0	125
0	126
0	127
0	128
0	9760
0	9761
0	9766
0	130
0	132
0	135
0	136
0	9777
0	140
0	141
0	142
0	147
0	150
0	151
0	154
0	155
0	156
0	157
0	158
0	159
0	160
0	162
0	163
0	164
0	165
0	167
0	168
0	169
0	170
0	171
0	172
0	173
0	175
0	176
0	177
0	181
0	182
0	183
0	184
0	187
0	189
0	190
0	191
0	192
0	193
0	194
0	196
0	199
0	3604
0	4936
0	4938
0	4939
0	4933
0	4934
0	4935
0	4947
0	4948
0	3613
0	4949
0	4940
0	4941
0	3619
0	4943
0	4945
0	4946
0	4960
0	4958
0	4959
0	3624
0	4950
0	4951
0	4952
0	4953
0	4956
0	4957
1	4971
1	2306
1	2305
1	2304
1	2302
1	2301
1	4962
1	4963
1	3633
1	4966
1	2308
1	3650
1	3651
1	2320
1	2317
1	3649
1	2316
1	3
1	2312
1	2310
1	3641
1	4972
1	4975
1	2318
1	3661
1	2331
1	2328
1	2322
1	2321
1	3656
1	3659
1	2342
1	2339
1	2337
1	2334
1	2333
1	3663
1	3666
1	3667
1	1009
1	3680
1	3681
1	1021
1	2352
1	2351
1	1019
1	1018
1	1017
1	2348
1	1016
1	1015
1	2346
1	1014
1	1013
1	1012
1	3675
1	3676
1	3693
1	1033
1	2362
1	1029
1	2359
1	1027
1	1024
1	2355
1	1023
1	2375
1	1040
1	2370
1	2369
1	1037
1	2366
1	2365
1	3696
1	2385
1	2384
1	2382
1	2377
1	2397
1	2395
1	2390
1	1058
1	2388
1	1077
1	1076
1	1072
1	1069
1	2399
1	2398
1	1087
1	1085
1	1084
1	1081
1	1079
1	1098
1	1097
1	1093
1	1089
1	205
1	208
1	209
1	212
1	216
1	217
1	221
1	233
1	237
1	246
1	260
1	261
1	263
1	268
1	269
1	274
1	278
1	279
1	294
1	296
1	299
1	3709
1	3702
1	3703
1	3719
1	3711
1	3713
1	3721
1	3725
1	2405
1	2404
1	3739
1	2402
1	2401
1	2400
1	3731
1	2409
1	2406
1	2415
1	2412
1	3740
1	2419
1	2418
1	3746
1	2430
1	2427
1	2426
1	2425
1	2421
1	3755
1	2440
1	1107
1	2438
1	2437
1	1105
1	1101
1	2432
1	3766
1	1109
1	1108
1	2439
1	3782
1	3783
1	2452
1	2450
1	2449
1	2448
1	1116
1	2447
1	2446
1	2444
1	1111
1	3793
1	2463
1	2460
1	1126
1	2457
1	2455
1	2453
1	3785
1	3786
1	3787
1	1143
1	2474
1	1141
1	2472
1	1140
1	2471
1	2470
1	1139
1	1138
1	1137
1	1134
1	3796
1	3797
1	1152
1	1151
1	1150
1	2481
1	1147
1	2478
1	1165
1	2496
1	2495
1	2494
1	1162
1	2493
1	1161
1	1158
1	1156
1	1155
1	2486
1	1176
1	1174
1	1173
1	1172
1	1171
1	1170
1	1169
1	1167
1	2498
1	1166
1	2497
1	1187
1	1186
1	1185
1	1182
1	1181
1	1180
1	1179
1	1178
1	1177
1	1190
1	1198
1	1196
1	1195
1	1194
1	1192
1	1189
1	1199
1	301
1	312
1	313
1	314
1	318
1	321
1	325
1	328
1	330
1	331
1	333
1	334
1	336
1	337
1	341
1	345
1	346
1	347
1	349
1	353
1	354
1	355
1	357
1	358
1	359
1	10
1	14
1	15
1	6002
1	6005
1	18
1	360
1	363
1	365
1	367
1	368
1	369
1	6010
1	24
1	26
1	6014
1	27
1	28
1	6016
1	29
1	370
1	371
1	373
1	375
1	30
1	32
1	33
1	6020
1	35
1	6022
1	38
1	381
1	383
1	385
1	387
1	40
1	41
1	42
1	44
1	45
1	6031
1	46
1	47
1	48
1	49
1	390
1	391
1	392
1	399
1	50
1	51
1	52
1	53
1	54
1	55
1	56
1	58
1	6044
1	59
1	6046
1	6049
1	6048
1	6041
1	6039
1	61
1	62
1	64
1	65
1	6054
1	66
1	6053
1	67
1	69
1	6051
1	70
1	74
1	75
1	77
1	79
1	6069
1	6060
1	6063
1	85
1	86
1	6079
1	6073
1	94
1	96
1	98
1	6087
1	6086
1	6081
1	6080
1	6083
1	6085
1	3803
1	3804
1	3805
1	3807
1	3800
1	3801
1	6098
1	6090
1	6092
1	6094
1	3819
1	3810
1	3812
1	3825
1	3821
1	2504
1	3836
1	2503
1	3837
1	2502
1	2500
1	3830
1	3831
1	2508
1	2505
1	2515
1	2513
1	2511
1	2519
1	3843
1	2518
1	3845
1	2526
1	2525
1	3859
1	2524
1	2523
1	2520
1	3852
1	3855
1	2528
1	3857
1	3870
1	3871
1	1206
1	2537
1	3869
1	1205
1	2536
1	1204
1	2532
1	1200
1	3864
1	1209
1	1208
1	2539
1	3867
1	3881
1	1217
1	1216
1	2547
1	1215
1	2546
1	2543
1	1211
1	3872
1	3875
1	1219
1	3878
1	1218
1	2549
1	3879
1	3893
1	2562
1	1230
1	2560
1	1227
1	1225
1	2555
1	1223
1	2554
1	1221
1	3883
1	3885
1	3887
1	3889
1	1229
1	1242
1	1241
1	2571
1	2569
1	1234
1	1232
1	2563
1	3895
1	3896
1	3897
1	1253
1	1252
1	2583
1	2582
1	2580
1	1249
1	2577
1	1244
1	1243
1	2593
1	1261
1	2591
1	1257
1	2588
1	1256
1	1272
1	1269
1	2599
1	2598
1	2596
1	1283
1	1282
1	1276
1	1297
1	1292
1	1289
1	1287
1	413
1	414
1	416
1	420
1	422
1	425
1	426
1	435
1	437
1	438
1	439
1	443
1	453
1	454
1	6100
1	6101
1	6104
1	460
1	461
1	463
1	465
1	466
1	468
1	6111
1	6110
1	6115
1	470
1	478
1	6105
1	6108
1	7438
1	6109
1	6121
1	485
1	486
1	488
1	6116
1	6119
1	6118
1	6132
1	6135
1	6136
1	490
1	491
1	498
1	499
1	6129
1	6141
1	6143
1	6148
1	6152
1	6155
1	6156
1	6158
1	6164
1	6163
1	6167
1	6175
1	6174
1	6176
1	3900
1	6193
1	6195
1	3911
1	3912
1	3925
1	2603
1	2614
1	2612
1	2611
1	3942
1	3943
1	2616
1	2625
1	2623
1	2620
1	3952
1	2629
1	2628
1	2626
1	3968
1	1304
1	2635
1	2634
1	1301
1	2632
1	2631
1	2630
1	1308
1	2639
1	1307
1	3966
1	1306
1	2647
1	2644
1	1312
1	2643
1	1310
1	1317
1	2648
1	1330
1	2661
1	1327
1	1326
1	2657
1	2656
1	2654
1	1322
1	1321
1	2670
1	1338
1	1337
1	2668
1	2667
1	2666
1	1334
1	1331
1	2662
1	3995
1	3998
1	1339
1	2682
1	2681
1	1349
1	1348
1	2679
1	2677
1	1345
1	1343
1	1342
1	2673
1	1362
1	2691
1	1356
1	1355
1	2686
1	1354
1	2685
1	2684
1	1374
1	1372
1	1367
1	2698
1	1366
1	1365
1	2695
1	1385
1	1382
1	1381
1	1380
1	1378
1	1377
1	1396
1	1394
1	1393
1	1390
1	1386
1	1398
1	1397
1	503
1	511
1	513
1	515
1	519
1	525
1	527
1	528
1	529
1	533
1	538
1	541
1	543
1	544
1	547
1	551
1	555
1	7519
1	6201
1	6203
1	7534
1	562
1	564
1	565
1	566
1	7528
1	6211
1	574
1	575
1	577
1	578
1	579
1	6222
1	586
1	587
1	7549
1	6217
1	6219
1	7563
1	6231
1	7565
1	7564
1	596
1	597
1	7559
1	6242
1	6244
1	6239
1	6251
1	6255
1	6258
1	6257
1	6265
1	7598
1	6266
1	6284
1	6289
1	6296
1	6298
1	6294
1	6293
1	2702
1	2708
1	2707
1	2706
1	2704
1	2712
1	2719
1	2718
1	2715
1	2714
1	2723
1	2722
1	2721
1	2720
1	2727
1	2725
1	1404
1	2735
1	2732
1	1400
1	1409
1	1408
1	1407
1	2738
1	1406
1	1415
1	1413
1	1410
1	2741
1	1418
1	2749
1	1416
1	2755
1	1423
1	2754
1	1422
1	1421
1	2752
1	1420
1	1427
1	2771
1	2770
1	1437
1	2768
1	2767
1	1435
1	2766
1	2765
1	1433
1	1432
1	2763
1	1431
1	1448
1	1447
1	2777
1	1445
1	2776
1	1442
1	2773
1	1441
1	1462
1	1461
1	2792
1	1460
1	1457
1	2787
1	2785
1	1473
1	1471
1	1470
1	1469
1	1468
1	2799
1	1467
1	2797
1	1465
1	2796
1	1464
1	1479
1	1478
1	1475
1	1493
1	1491
1	1489
1	1488
1	1499
1	1497
1	601
1	607
1	608
1	613
1	624
1	626
1	627
1	628
1	629
1	7600
1	631
1	634
1	635
1	636
1	638
1	7611
1	643
1	644
1	646
1	647
1	648
1	649
1	7607
1	651
1	655
1	656
1	658
1	7633
1	660
1	661
1	667
1	7624
1	7627
1	7629
1	6311
1	6310
1	6312
1	6306
1	6305
1	6320
1	7650
1	6322
1	6324
1	681
1	683
1	685
1	687
1	688
1	689
1	6315
1	6317
1	6316
1	6319
1	7660
1	5003
1	6335
1	7666
1	690
1	695
1	697
1	6325
1	7658
1	7671
1	5011
1	5012
1	6344
1	6343
1	5014
1	5005
1	6337
1	6336
1	7667
1	5008
1	5009
1	5021
1	5022
1	5023
1	6355
1	5024
1	6354
1	5025
1	5026
1	7679
1	5017
1	5018
1	5030
1	5032
1	7695
1	5033
1	5034
1	5035
1	7698
1	5028
1	5041
1	5042
1	5043
1	5044
1	5046
1	6376
1	5052
1	6384
1	5054
1	5059
1	6389
1	6382
1	5049
1	6390
1	6393
1	5076
1	2800
1	2807
1	2804
1	2803
1	5096
1	5093
1	2811
1	2819
1	2818
1	2815
1	2814
1	2813
1	2823
1	2829
1	2827
1	2826
1	2824
1	2833
1	2832
1	1500
1	1509
1	1507
1	1506
1	2837
1	1514
1	2845
1	1512
1	1511
1	2840
1	1519
1	2849
1	1517
1	2848
1	2846
1	2856
1	1524
1	2855
1	2854
1	2853
1	2852
1	1520
1	2850
1	1528
1	2858
1	1526
1	2870
1	1536
1	1535
1	2866
1	1532
1	2862
1	2861
1	1539
1	1538
1	2869
1	2868
1	2881
1	1547
1	2878
1	1546
1	1545
1	2872
1	1540
1	1548
1	1561
1	1560
1	2891
1	2888
1	1555
1	1553
1	2884
1	1551
1	1569
1	1568
1	1567
1	1566
1	2897
1	1564
1	1563
1	1562
1	2893
1	1583
1	1582
1	1581
1	1577
1	1575
1	1573
1	1594
1	1593
1	1591
1	1590
1	1589
1	1588
1	1586
1	1585
1	1599
1	709
1	710
1	713
1	714
1	721
1	723
1	725
1	726
1	727
1	729
1	730
1	731
1	733
1	7710
1	7709
1	7708
1	740
1	7703
1	749
1	7721
1	7720
1	750
1	751
1	753
1	756
1	7712
1	7714
1	7731
1	763
1	764
1	7722
1	7741
1	7740
1	6412
1	771
1	772
1	775
1	776
1	778
1	6404
1	6421
1	6423
1	7754
1	7753
1	780
1	782
1	783
1	784
1	785
1	787
1	6413
1	6415
1	6418
1	6419
1	6430
1	7763
1	791
1	792
1	794
1	6442
1	7773
1	6436
1	6452
1	5123
1	6456
1	6447
1	5117
1	6461
1	6463
1	7798
1	7789
1	6472
1	6473
1	6482
1	6484
1	6487
1	6488
1	6480
1	5162
1	5166
1	6499
1	5161
1	6491
1	5189
1	2904
1	2901
1	2910
1	2918
1	2916
1	2922
1	2920
1	2929
1	2927
1	2926
1	2923
1	1602
1	1601
1	1600
1	2931
1	1606
1	2937
1	1605
1	2936
1	1604
1	2935
1	1603
1	1613
1	2944
1	1611
1	1610
1	2941
1	2940
1	1619
1	1618
1	1617
1	2945
1	1624
1	1623
1	2952
1	1629
1	2959
1	1627
1	1634
1	2964
1	1631
1	2962
1	1630
1	2960
1	1639
1	1645
1	2973
1	2972
1	1647
1	1660
1	2990
1	2985
1	1651
1	1659
1	2989
1	1667
1	2997
1	2993
1	2992
1	1681
1	1680
1	1676
1	1673
1	1693
1	1692
1	1687
1	1685
1	1684
1	1697
1	1694
1	806
1	813
1	816
1	818
1	823
1	828
1	830
1	831
1	836
1	839
1	847
1	848
1	849
1	7818
1	852
1	856
1	857
1	858
1	7830
1	860
1	861
1	862
1	863
1	7840
1	871
1	874
1	7832
1	6506
1	7836
1	7839
1	6507
1	7853
1	6521
1	7852
1	884
1	6512
1	7843
1	6515
1	7847
1	6519
1	6518
1	6530
1	894
1	896
1	7855
1	6523
1	7854
1	7857
1	6525
1	7871
1	7873
1	7872
1	5212
1	7874
1	5205
1	6537
1	6539
1	7882
1	6550
1	6553
1	6552
1	6555
1	7886
1	6546
1	6549
1	6560
1	6564
1	7896
1	5238
1	6587
1	5248
1	6593
1	6595
1	5268
1	6589
1	5278
1	5283
1	5297
1	1701
1	1703
1	1710
1	1718
1	1716
1	1734
1	1733
1	1731
1	1730
1	1736
1	1742
1	1741
1	1740
1	1747
1	1756
1	1754
1	1758
1	1763
1	1762
1	1761
1	1760
1	1769
1	1781
1	1773
1	1779
1	1792
1	1789
1	1788
1	1798
1	901
1	902
1	905
1	907
1	908
1	909
1	914
1	915
1	916
1	918
1	919
1	925
1	926
1	929
1	931
1	932
1	933
1	934
1	935
1	936
1	937
1	949
1	7918
1	951
1	955
1	958
1	959
1	7930
1	7928
1	964
1	7925
1	7932
1	976
1	978
1	7935
1	6607
1	982
1	983
1	7943
1	6611
1	988
1	993
1	995
1	7954
1	7953
1	7959
1	7972
1	6642
1	7967
1	6635
1	7984
1	6644
1	6647
1	6648
1	4000
1	4002
1	5334
1	7988
1	4011
1	6674
1	7999
1	6680
1	4021
1	4022
1	4024
1	4019
1	6692
1	6696
1	6689
1	4042
1	4038
1	4051
1	5388
1	4059
1	4071
1	4087
1	4081
1	1807
1	1806
1	1805
1	1803
1	1811
1	1819
1	1816
1	1814
1	1812
1	1821
1	1820
1	1829
1	1826
1	1832
1	1831
1	1830
1	1835
1	1844
1	1843
1	1849
1	1847
1	1854
1	1853
1	1865
1	1861
1	1869
1	1880
1	1876
1	1870
1	1891
1	1888
1	1887
1	1886
1	1885
1	1884
1	1881
1	1894
1	1893
1	6701
1	6706
1	5410
1	5411
1	5409
1	5405
1	5406
1	6736
1	5408
1	6750
1	5421
1	5422
1	5412
1	5413
1	5414
1	5415
1	5416
1	5417
1	5419
1	6749
1	5430
1	4101
1	6764
1	5433
1	6755
1	5424
1	5425
1	5426
1	5428
1	5440
1	4110
1	5441
1	5442
1	6772
1	4112
1	5443
1	5444
1	5435
1	4105
1	5437
1	4108
1	5450
1	4120
1	4121
1	5452
1	4122
1	5454
1	5455
1	6785
1	5445
1	5446
1	4117
1	4118
1	5449
1	5463
1	5464
1	5465
1	6797
1	5466
1	5456
1	4126
1	5457
1	5458
1	5471
1	4141
1	5475
1	4145
1	5477
1	5469
1	5482
1	5483
1	5486
1	5480
1	4149
1	5492
1	4162
1	5495
1	4168
1	5499
1	5490
1	5491
1	4158
1	4187
1	1909
1	4180
1	4182
1	1904
1	1903
1	1902
1	1901
1	4195
1	1919
1	4191
1	1910
1	1918
1	1917
1	1915
1	1914
1	1913
1	1912
1	1925
1	1923
1	1932
1	1931
1	1939
1	1935
1	1933
1	1942
1	1940
1	1947
1	1946
1	1954
1	1953
1	1951
1	1950
1	1958
1	1957
1	1955
1	1965
1	1962
1	1976
1	1973
1	1979
1	1990
1	1987
1	1986
1	1984
1	1983
1	1980
1	1989
1	1988
1	1997
1	1996
1	1993
1	6807
1	6805
1	6804
1	6818
1	6810
1	6811
1	6816
1	6821
1	6825
1	5510
1	6840
1	5508
1	5509
1	6832
1	6834
1	5503
1	5505
1	5506
1	5520
1	5521
1	6851
1	5519
1	5511
1	5513
1	6845
1	5515
1	6847
1	5516
1	5517
1	6860
1	4200
1	4201
1	5524
1	5527
1	6857
1	5529
1	5540
1	6872
1	4210
1	6874
1	5543
1	6873
1	5534
1	6864
1	6867
1	5536
1	6866
1	5539
1	6881
1	5550
1	6883
1	4221
1	5554
1	5545
1	4215
1	5546
1	4216
1	6877
1	5548
1	5549
1	5561
1	6894
1	5564
1	5565
1	6895
1	5557
1	5558
1	5570
1	5572
1	5573
1	4245
1	5576
1	5566
1	6899
1	5580
1	5584
1	5587
1	4246
1	5577
1	5578
1	5579
1	5594
1	5597
1	5590
1	4258
1	4278
1	4285
1	6916
1	6910
1	6922
1	6921
1	5607
1	5608
1	6931
1	5600
1	5603
1	6937
1	5606
1	5618
1	5619
1	5610
1	5611
1	5614
1	5630
1	5629
1	5623
1	6954
1	5625
1	5626
1	5627
1	5628
1	5640
1	5641
1	4309
1	4301
1	4302
1	5634
1	6966
1	6968
1	5637
1	5638
1	4308
1	6969
1	6980
1	5650
1	6982
1	4320
1	5651
1	5652
1	5643
1	5647
1	6978
1	5660
1	4332
1	5663
1	5664
1	3000
1	5654
1	5655
1	5656
1	5659
1	5670
1	5671
1	5672
1	4342
1	5673
1	5675
1	3013
1	3012
1	3010
1	3008
1	3003
1	4334
1	5665
1	5667
1	4350
1	5681
1	5682
1	5684
1	5685
1	3023
1	3019
1	3018
1	3015
1	5677
1	5678
1	5679
1	5692
1	5696
1	3035
1	3034
1	3033
1	3031
1	3030
1	3029
1	3028
1	3027
1	4357
1	5688
1	4358
1	5689
1	4373
1	3044
1	3043
1	3042
1	3041
1	3040
1	5698
1	5699
1	3057
1	3056
1	3054
1	3051
1	3049
1	3047
1	3060
1	4397
1	4399
1	3063
1	3062
1	3061
1	3059
1	3058
1	3071
1	3078
1	3076
1	3081
1	3088
1	3087
1	3086
1	3085
1	3084
1	3093
1	3092
1	3090
1	3099
1	3098
1	3097
1	3096
1	5708
1	5702
1	5705
1	5711
1	5712
1	5730
1	5721
1	5726
1	4409
1	4401
1	5735
1	5736
1	5738
1	5752
1	5742
1	4412
1	5743
1	5745
1	5746
1	5747
1	5748
1	5749
1	4431
1	4432
1	3101
1	5753
1	5754
1	5755
1	5757
1	4427
1	5758
1	5771
1	5772
1	4442
1	5773
1	3111
1	3110
1	3109
1	3105
1	3103
1	4433
1	5764
1	5765
1	4436
1	5767
1	5768
1	5780
1	5783
1	4454
1	5779
1	4449
1	5791
1	5793
1	5794
1	3128
1	3125
1	3124
1	5787
1	5789
1	4459
1	3141
1	3140
1	5797
1	4467
1	4468
1	5799
1	4480
1	3151
1	4478
1	4492
1	4495
1	4497
1	3159
1	4488
1	3172
1	4499
1	3191
1	3190
1	3197
1	3195
1	5805
1	5800
1	5801
1	4500
1	4501
1	5834
1	4505
1	4520
1	4519
1	5842
1	4516
1	4530
1	4524
1	4541
1	3211
1	3204
1	3203
1	3201
1	4532
1	4533
1	3219
1	4543
1	4544
1	4547
1	4562
1	4563
1	3231
1	3228
1	3226
1	3224
1	3223
1	4555
1	4556
1	4570
1	4575
1	3238
1	4584
1	4586
1	3254
1	3251
1	4576
1	4592
1	3266
1	3264
1	3256
1	4587
1	3277
1	3272
1	3270
1	4599
1	3287
1	3283
1	3279
1	3290
1	3299
1	3294
1	3293
1	5907
1	5901
1	5911
1	4607
1	4608
1	4602
1	4603
1	4604
1	4610
1	4613
1	4614
1	4615
1	4629
1	4620
1	4622
1	4625
1	4640
1	4641
1	3307
1	3305
1	3302
1	4631
1	4636
1	4637
1	3318
1	3311
1	4643
1	4644
1	4645
1	4646
1	4663
1	3329
1	3322
1	4673
1	4674
1	2012
1	2011
1	3341
1	2008
1	2006
1	3337
1	2005
1	2004
1	3335
1	2003
1	2002
1	4665
1	4669
1	4680
1	4682
1	2023
1	3354
1	2021
1	2018
1	3348
1	2016
1	3347
1	2015
1	2014
1	4679
1	4690
1	4692
1	2034
1	2033
1	2032
1	2031
1	2029
1	2028
1	2027
1	2026
1	3357
1	2025
1	2024
1	3355
1	4686
1	4688
1	2043
1	2042
1	2041
1	2040
1	2039
1	2038
1	3369
1	2037
1	2036
1	3367
1	2035
1	3366
1	4697
1	4698
1	2056
1	2055
1	3386
1	2054
1	2051
1	2050
1	2049
1	2048
1	2047
1	2046
1	2066
1	2064
1	2062
1	2060
1	2057
1	2070
1	2078
1	2075
1	2074
1	2073
1	2072
1	2071
1	2068
1	2080
1	2089
1	2088
1	2087
1	2086
1	2085
1	2084
1	2079
1	2090
1	2099
1	2098
1	2096
1	2095
1	2094
1	9520
1	9521
1	9525
1	9532
1	9530
1	9535
1	9533
1	9534
1	9526
1	9527
1	9542
1	9543
1	9545
1	9537
1	9553
1	9551
1	9557
1	9558
1	9556
1	9548
1	9565
1	9563
1	9566
1	9560
1	9559
1	9577
1	9572
1	9570
1	9584
1	9580
1	4705
1	4706
1	4708
1	4703
1	4704
1	4717
1	4718
1	4712
1	4714
1	4727
1	4725
1	4726
1	3403
1	4732
1	4734
1	4750
1	3417
1	3414
1	3411
1	4742
1	4744
1	4746
1	4760
1	2100
1	4756
1	4758
1	4759
1	4770
1	4773
1	2111
1	2110
1	3440
1	2107
1	2106
1	3437
1	4763
1	2109
1	4780
1	4781
1	2121
1	2120
1	2114
1	4777
1	4779
1	3463
1	2130
1	2126
1	2125
1	2124
1	4788
1	2144
1	2142
1	2141
1	3469
1	2135
1	3465
1	4797
1	4798
1	4799
1	2155
1	2154
1	3484
1	2151
1	2150
1	2149
1	2148
1	2146
1	2166
1	2163
1	3494
1	2159
1	2158
1	3489
1	2176
1	2175
1	2170
1	2169
1	2180
1	2187
1	2185
1	2184
1	2183
1	2182
1	2181
1	2179
1	2178
1	2191
1	2198
1	2194
1	2189
1	7010
1	7019
1	7058
1	4806
1	4800
1	4801
1	4802
1	4819
1	4810
1	4814
1	4821
1	4825
1	3504
1	4831
1	4833
1	3510
1	4840
1	4841
1	4842
1	4843
1	4845
1	3523
1	3521
1	4851
1	4856
1	3529
1	4870
1	2210
1	2206
1	2205
1	2203
1	2202
1	3533
1	3532
1	2200
1	4864
1	2209
1	2220
1	3549
1	2217
1	2216
1	3547
1	2215
1	2214
1	3545
1	2213
1	2211
1	4876
1	4877
1	4893
1	2229
1	2228
1	3557
1	2225
1	2224
1	3555
1	2223
1	3553
1	4886
1	2242
1	3573
1	2240
1	2239
1	2238
1	2237
1	3568
1	2236
1	2235
1	2234
1	3565
1	3585
1	2250
1	2249
1	2247
1	2246
1	2245
1	2244
1	3575
1	3595
1	2263
1	3594
1	3592
1	3591
1	2258
1	2257
1	2256
1	3587
1	2273
1	2271
1	2269
1	2287
1	2285
1	2284
1	2281
1	2280
1	2279
1	2295
1	2294
1	2289
1	2288
1	2299
1	105
1	106
1	109
1	110
1	112
1	113
1	117
1	119
1	120
1	129
1	131
1	133
1	134
1	137
1	138
1	139
1	143
1	144
1	145
1	146
1	148
1	149
1	152
1	153
1	161
1	166
1	174
1	7140
1	178
1	179
1	7158
1	180
1	185
1	186
1	188
1	195
1	197
1	198
1	7187
1	4907
1	4911
1	4920
1	4921
1	4937
1	3601
1	4930
1	4932
1	3605
1	3611
1	3610
1	4942
1	4944
1	3616
1	3622
1	4954
1	4955
2	4970
2	4969
2	3639
2	2303
2	3631
2	3635
2	2313
2	2311
2	3643
2	4976
2	2319
2	2325
2	2323
2	3655
2	3657
2	2329
2	3671
2	2340
2	2338
2	2332
2	3664
2	3665
2	3669
2	2350
2	2349
2	3677
2	3679
2	3691
2	3692
2	3695
2	2363
2	2358
2	2356
2	3687
2	3689
2	2374
2	2380
2	2378
2	2391
2	1057
2	2387
2	213
2	7288
2	7283
2	3704
2	3705
2	3706
2	3707
2	3708
2	3715
2	3726
2	3727
2	3729
2	3723
2	3738
2	2403
2	3730
2	3732
2	3734
2	2414
2	2411
2	2410
2	3742
2	3743
2	3745
2	2417
2	3760
2	3761
2	2424
2	2422
2	3756
2	2428
2	3758
2	3771
2	2435
2	2434
2	2433
2	3762
2	3767
2	3769
2	3780
2	1113
2	2443
2	2442
2	3773
2	3775
2	3777
2	3779
2	3791
2	2458
2	2454
2	3789
2	2473
2	2469
2	2468
2	2467
2	2465
2	2464
2	3795
2	2485
2	2483
2	2479
2	2476
2	7331
2	7345
2	6015
2	6023
2	36
2	6025
2	6026
2	6017
2	43
2	6034
2	6033
2	6035
2	6030
2	6029
2	6042
2	6045
2	7370
2	6056
2	6058
2	6057
2	6050
2	6064
2	6067
2	6066
2	6061
2	6076
2	6075
2	6078
2	6070
2	6071
2	6074
2	6089
2	6088
2	6082
2	3806
2	3809
2	3802
2	6097
2	6099
2	6091
2	6093
2	6096
2	6095
2	3814
2	3815
2	3817
2	3818
2	3811
2	3813
2	3828
2	3829
2	3824
2	3839
2	2507
2	3833
2	3834
2	3849
2	3840
2	3841
2	3844
2	2516
2	3846
2	3858
2	3850
2	2529
2	3856
2	2527
2	2540
2	2534
2	2533
2	2531
2	3861
2	3865
2	3866
2	3868
2	2550
2	2545
2	1213
2	2541
2	2558
2	3884
2	2572
2	2570
2	2567
2	2566
2	2581
2	2576
2	2574
2	2585
2	6102
2	6103
2	6114
2	6107
2	6120
2	6125
2	6117
2	7449
2	6133
2	6134
2	6128
2	6127
2	6142
2	6146
2	6147
2	6140
2	6138
2	6157
2	6159
2	6151
2	6150
2	6149
2	6160
2	6162
2	6161
2	6179
2	6178
2	6171
2	6172
2	6187
2	6180
2	6181
2	6184
2	3902
2	3904
2	3907
2	3908
2	3909
2	3901
2	6197
2	6196
2	6199
2	6198
2	6190
2	6192
2	6194
2	3913
2	3916
2	3918
2	3910
2	3922
2	3935
2	2602
2	2600
2	2609
2	2608
2	3933
2	3940
2	2615
2	3945
2	2624
2	3958
2	3950
2	2627
2	2633
2	3961
2	1309
2	2638
2	2637
2	2650
2	1315
2	2646
2	2645
2	2642
2	2641
2	2640
2	3971
2	3973
2	3977
2	2658
2	1325
2	2655
2	2652
2	3985
2	1329
2	2659
2	3989
2	2671
2	1335
2	1333
2	3993
2	3999
2	1346
2	2676
2	2694
2	2693
2	2689
2	2688
2	1369
2	2699
2	2697
2	2696
2	1383
2	1392
2	7502
2	7522
2	7515
2	7525
2	7541
2	6205
2	6204
2	6207
2	7538
2	6206
2	6209
2	6208
2	6221
2	6220
2	6223
2	6225
2	6224
2	7555
2	6230
2	6232
2	6229
2	6241
2	7572
2	6240
2	6243
2	6245
2	7577
2	6237
2	7585
2	6250
2	7580
2	6249
2	6248
2	6263
2	6262
2	6267
2	6268
2	6261
2	6260
2	6273
2	6277
2	6272
2	6285
2	6286
2	6290
2	6291
2	2705
2	2713
2	2711
2	2717
2	2726
2	2733
2	2730
2	2739
2	2736
2	2742
2	2747
2	2757
2	2750
2	2759
2	2758
2	2764
2	2781
2	2779
2	2778
2	2772
2	2793
2	2791
2	2788
2	2786
2	2798
2	2795
2	7618
2	7630
2	7632
2	6303
2	7636
2	6307
2	6330
2	7661
2	6326
2	7656
2	7670
2	7673
2	6341
2	6346
2	6345
2	7676
2	6339
2	7683
2	7686
2	6357
2	7680
2	6348
2	6347
2	5019
2	6361
2	7692
2	6364
2	7697
2	5027
2	6372
2	6375
2	6377
2	6395
2	5086
2	2808
2	2802
2	2822
2	2821
2	2820
2	2828
2	2830
2	2839
2	2838
2	2835
2	2841
2	2851
2	2865
2	2864
2	2863
2	2860
2	2876
2	2875
2	2871
2	2892
2	2890
2	2889
2	2886
2	2885
2	2896
2	2895
2	2894
2	1597
2	7702
2	7704
2	7707
2	7732
2	7724
2	7727
2	7734
2	7736
2	7735
2	6407
2	7750
2	7745
2	7744
2	7747
2	6417
2	7761
2	7762
2	6434
2	7765
2	6433
2	7756
2	6426
2	6428
2	6441
2	6445
2	6444
2	7775
2	6437
2	6451
2	7785
2	6448
2	6460
2	6462
2	7796
2	6464
2	6467
2	6466
2	7797
2	6457
2	6474
2	6477
2	6483
2	6486
2	6493
2	6496
2	6490
2	2900
2	2908
2	2907
2	2906
2	2903
2	2902
2	2919
2	2917
2	2914
2	2913
2	2921
2	2928
2	2925
2	2924
2	2932
2	2930
2	1608
2	2939
2	2947
2	2954
2	2953
2	2950
2	2958
2	2956
2	2966
2	2963
2	2961
2	2969
2	2975
2	2983
2	2982
2	2981
2	2999
2	2995
2	1699
2	7808
2	7809
2	7801
2	7803
2	7819
2	7812
2	7814
2	7822
2	7824
2	7826
2	6511
2	6502
2	6501
2	7835
2	6503
2	6508
2	7838
2	6520
2	7844
2	6514
2	7860
2	6533
2	7856
2	6527
2	7858
2	6544
2	5213
2	6535
2	7866
2	7865
2	6551
2	7883
2	7879
2	6563
2	7888
2	6558
2	7899
2	6583
2	6580
2	7919
2	6610
2	6609
2	6601
2	7936
2	6606
2	6620
2	7942
2	7945
2	7944
2	6616
2	6618
2	6617
2	7960
2	6632
2	7962
2	6622
2	6625
2	6624
2	7958
2	6626
2	6628
2	6640
2	6643
2	7974
2	7966
2	6654
2	6649
2	7991
2	4001
2	4003
2	6656
2	6655
2	6657
2	4014
2	6675
2	4006
2	5350
2	6685
2	4016
2	4018
2	6679
2	4033
2	4028
2	4040
2	4037
2	4065
2	4069
2	4061
2	4073
2	4078
2	4085
2	4097
2	4098
2	1828
2	1883
2	6700
2	6705
2	6712
2	6716
2	6730
2	6721
2	6723
2	6726
2	6742
2	6733
2	6738
2	6753
2	6744
2	6745
2	6748
2	6770
2	6774
2	6780
2	4124
2	4119
2	6791
2	4131
2	6792
2	4133
2	4125
2	4136
2	4137
2	4138
2	4139
2	4150
2	4151
2	4153
2	5487
2	4147
2	5478
2	4148
2	4165
2	4166
2	4160
2	4170
2	4183
2	4181
2	4197
2	4199
2	1929
2	1927
2	1924
2	1952
2	1975
2	1998
2	6809
2	6800
2	6802
2	6817
2	6812
2	6829
2	6820
2	6823
2	6824
2	6826
2	6833
2	6836
2	6835
2	6838
2	6850
2	6852
2	6844
2	6849
2	5518
2	6861
2	6854
2	6853
2	5525
2	6858
2	4211
2	6865
2	6868
2	6884
2	6879
2	4219
2	6887
2	6889
2	4229
2	4235
2	4251
2	4253
2	4249
2	4261
2	4263
2	4275
2	4286
2	4281
2	4293
2	4298
2	6900
2	6901
2	6904
2	6917
2	6918
2	6912
2	6915
2	6920
2	6924
2	6923
2	6926
2	6940
2	6938
2	5609
2	6932
2	6935
2	6950
2	6949
2	6944
2	5616
2	6948
2	5617
2	6960
2	4300
2	5631
2	6961
2	6957
2	6956
2	6959
2	6958
2	6971
2	6973
2	5633
2	4303
2	5635
2	4305
2	4321
2	6984
2	5645
2	4315
2	4316
2	4317
2	5648
2	5649
2	6994
2	3001
2	4326
2	5657
2	4343
2	5674
2	3009
2	3006
2	6996
2	6999
2	5668
2	5680
2	4351
2	4354
2	5686
2	3024
2	3021
2	3020
2	3017
2	3016
2	4346
2	5691
2	4363
2	5694
2	4366
2	5697
2	3032
2	3025
2	4359
2	4377
2	3046
2	4383
2	4387
2	3055
2	3053
2	4396
2	3067
2	3066
2	4389
2	3075
2	3073
2	3082
2	3080
2	3089
2	3094
2	5717
2	5714
2	5728
2	5720
2	5722
2	4408
2	5739
2	4400
2	5732
2	4402
2	5733
2	4403
2	4404
2	4407
2	5750
2	5751
2	4421
2	5744
2	4414
2	4415
2	5760
2	5762
2	3100
2	4424
2	4426
2	4428
2	4429
2	5770
2	4440
2	5774
2	3112
2	3102
2	5766
2	4438
2	5769
2	5781
2	5782
2	4453
2	5784
2	3121
2	3120
2	3117
2	3113
2	5775
2	4446
2	5777
2	5778
2	4448
2	4462
2	5795
2	4465
2	3134
2	3130
2	3129
2	4455
2	4456
2	5788
2	4471
2	4473
2	3138
2	3136
2	5798
2	4469
2	4481
2	4483
2	3154
2	3147
2	4479
2	4494
2	3164
2	3163
2	3162
2	3157
2	4489
2	3170
2	3176
2	3175
2	3181
2	3188
2	3183
2	3199
2	3198
2	3194
2	3193
2	5809
2	5803
2	5804
2	5816
2	5818
2	5819
2	5814
2	5815
2	5827
2	5828
2	5825
2	4507
2	5838
2	4508
2	5832
2	5837
2	5850
2	5849
2	5845
2	5847
2	5848
2	5861
2	5862
2	4529
2	4521
2	5852
2	4522
2	5854
2	4525
2	4526
2	4527
2	4542
2	3210
2	3202
2	5864
2	4534
2	5865
2	5866
2	4536
2	4537
2	4538
2	4539
2	5881
2	4551
2	4552
2	5883
2	4553
2	5884
2	3222
2	3220
2	3215
2	3213
2	5874
2	4546
2	4564
2	3230
2	5885
2	4558
2	4573
2	3241
2	3239
2	3236
2	3235
2	3234
2	4566
2	5897
2	4567
2	4581
2	4582
2	3252
2	3249
2	3247
2	4577
2	4578
2	4579
2	4590
2	4591
2	4594
2	4595
2	4596
2	3265
2	3263
2	3259
2	4589
2	3274
2	3273
2	3269
2	3280
2	3284
2	3289
2	5908
2	5909
2	5910
2	5912
2	5928
2	4606
2	5938
2	4601
2	5940
2	5960
2	4630
2	4624
2	5972
2	3310
2	4639
2	3304
2	3303
2	3301
2	4634
2	3308
2	4650
2	4652
2	3321
2	3320
2	3317
2	3316
2	3313
2	3312
2	3319
2	4662
2	2000
2	3331
2	3328
2	3324
2	3323
2	4655
2	4658
2	4670
2	4672
2	2010
2	3340
2	3339
2	3336
2	3333
2	4666
2	5998
2	4681
2	4685
2	2020
2	3351
2	2019
2	3346
2	2013
2	4675
2	4691
2	4693
2	4694
2	2030
2	4687
2	2045
2	2044
2	3375
2	3370
2	3384
2	3381
2	2067
2	3391
2	2059
2	3389
2	2077
2	2076
2	2082
2	2091
2	2097
2	2093
2	9522
2	9541
2	9546
2	9538
2	9555
2	9549
2	9564
2	9561
2	9578
2	4702
2	4716
2	4728
2	4729
2	4723
2	4738
2	3405
2	4739
2	3401
2	4730
2	4733
2	3408
2	3407
2	4737
2	3412
2	4741
2	3419
2	4762
2	3424
2	3423
2	4752
2	4771
2	3439
2	2105
2	2104
2	3433
2	4764
2	4769
2	4782
2	3453
2	3450
2	3449
2	3445
2	4774
2	4778
2	4790
2	2133
2	2131
2	3461
2	2128
2	3459
2	4785
2	4786
2	3473
2	2138
2	3468
2	3466
2	3479
2	2147
2	3477
2	2145
2	2165
2	2162
2	2161
2	2160
2	3491
2	3487
2	2171
2	2188
2	2186
2	2199
2	2196
2	2193
2	7045
2	7054
2	7089
2	7080
2	4804
2	4805
2	4808
2	4816
2	4827
2	4824
2	4839
2	3502
2	3501
2	4830
2	3507
2	4836
2	3515
2	4849
2	4844
2	4846
2	4847
2	4860
2	3527
2	4859
2	4852
2	4854
2	4871
2	3536
2	3534
2	2201
2	4862
2	2208
2	4869
2	4882
2	3550
2	2218
2	3543
2	3542
2	4873
2	2219
2	4890
2	2232
2	2231
2	3562
2	2230
2	3561
2	2227
2	2226
2	4884
2	4887
2	4889
2	2243
2	4899
2	2253
2	2252
2	3583
2	3581
2	2248
2	3579
2	2262
2	2261
2	2260
2	2255
2	2276
2	2272
2	2268
2	2283
2	2278
2	2298
2	2296
2	2293
2	7152
2	7178
2	7181
2	4914
2	4915
2	4917
2	4910
2	4912
2	4925
2	4927
2	4928
2	4922
2	3603
2	3609
2	4931
2	3607
2	3615
2	3614
2	3618
2	3617
2	3625
2	3621
3	2300
3	3630
3	4964
3	3634
3	4965
3	3636
3	2315
3	3642
3	3644
3	3647
3	3660
3	3652
3	3653
3	3658
3	3670
3	3672
3	2336
3	3668
3	2353
3	3690
3	2364
3	3685
3	3686
3	2373
3	2372
3	2368
3	3699
3	2386
3	2376
3	2394
3	2389
3	7203
3	3700
3	3701
3	3710
3	3712
3	3728
3	3733
3	3735
3	3736
3	3749
3	3741
3	3744
3	3747
3	3759
3	3751
3	3752
3	3753
3	2429
3	3757
3	3763
3	3765
3	2451
3	2445
3	3790
3	3792
3	3794
3	2461
3	2459
3	3784
3	2466
3	3798
3	3799
3	2484
3	2480
3	2477
3	2475
3	2489
3	2487
3	7306
3	7334
3	7335
3	6012
3	6011
3	6006
3	6009
3	6008
3	6024
3	6019
3	6038
3	6028
3	6047
3	6040
3	7371
3	6055
3	6059
3	7392
3	6077
3	3808
3	3826
3	3820
3	3832
3	3835
3	3847
3	3848
3	2517
3	3860
3	3853
3	3854
3	3862
3	3863
3	2551
3	3873
3	3874
3	3876
3	3892
3	2556
3	3888
3	2565
3	3894
3	2578
3	2590
3	2587
3	7407
3	7420
3	7433
3	7440
3	6112
3	7443
3	7446
3	6122
3	6123
3	6126
3	6131
3	6130
3	6137
3	6144
3	6145
3	6139
3	6154
3	6166
3	6165
3	6168
3	6177
3	6173
3	6186
3	6185
3	6189
3	6182
3	6183
3	3903
3	3905
3	3915
3	3919
3	3926
3	3927
3	3920
3	3921
3	3938
3	2606
3	3934
3	3946
3	3947
3	3965
3	3981
3	3979
3	2649
3	3978
3	2660
3	2653
3	2651
3	3988
3	2675
3	2674
3	2690
3	1376
3	7507
3	7509
3	7530
3	6200
3	7543
3	6213
3	7551
3	7553
3	6216
3	6215
3	7546
3	6218
3	7548
3	6227
3	7571
3	6247
3	6246
3	7570
3	6238
3	6252
3	7583
3	6253
3	6256
3	7594
3	7596
3	6264
3	7597
3	6269
3	7599
3	7592
3	6274
3	6276
3	6275
3	6279
3	6270
3	6281
3	6282
3	6299
3	2701
3	2728
3	2737
3	2748
3	2756
3	2769
3	2774
3	2790
3	2789
3	7610
3	7606
3	7605
3	7608
3	7626
3	7641
3	7651
3	7653
3	7652
3	7654
3	7662
3	6333
3	6334
3	7665
3	7659
3	6340
3	6342
3	7672
3	7677
3	5006
3	6338
3	6350
3	7681
3	7693
3	6363
3	7694
3	6367
3	7691
3	7690
3	6394
3	6399
3	6391
3	2809
3	2812
3	2817
3	2816
3	2825
3	2836
3	1513
3	2842
3	2847
3	2880
3	2877
3	2873
3	7701
3	7700
3	7705
3	7706
3	7719
3	7711
3	7716
3	7715
3	7726
3	7728
3	6411
3	7742
3	7733
3	6420
3	6422
3	7758
3	7771
3	7768
3	6450
3	6454
3	6453
3	6455
3	6446
3	7777
3	7795
3	7790
3	6471
3	6476
3	6475
3	6478
3	6470
3	6468
3	6489
3	6481
3	6494
3	6498
3	6497
3	6492
3	2915
3	2933
3	2938
3	2943
3	2949
3	2955
3	2965
3	2968
3	2976
3	2974
3	2987
3	2986
3	2984
3	7810
3	7813
3	7815
3	7829
3	7823
3	7842
3	6510
3	7841
3	6504
3	6505
3	6522
3	6531
3	6532
3	6526
3	6528
3	6529
3	6540
3	6542
3	7875
3	6534
3	7867
3	6561
3	6565
3	6557
3	6570
3	6576
3	6584
3	6585
3	6588
3	6578
3	6591
3	7903
3	7921
3	7933
3	6605
3	6621
3	6619
3	6614
3	6630
3	6623
3	6627
3	6629
3	6641
3	6634
3	6633
3	6638
3	6637
3	6652
3	6651
3	6653
3	6663
3	6662
3	7987
3	6670
3	6672
3	6673
3	6667
3	6668
3	4009
3	6681
3	6684
3	6686
3	4017
3	6691
3	4032
3	6693
3	4034
3	6695
3	6697
3	4026
3	4027
3	4041
3	4043
3	4039
3	4068
3	4072
3	4086
3	4089
3	4083
3	4091
3	4094
3	6707
3	6709
3	6718
3	6714
3	6729
3	6724
3	6740
3	6735
3	6751
3	6752
3	6746
3	6747
3	6762
3	6763
3	6759
3	6758
3	4103
3	4104
3	4107
3	6782
3	6777
3	6776
3	6778
3	6790
3	6793
3	4132
3	6794
3	4128
3	4129
3	4144
3	6798
3	5479
3	4161
3	4164
3	4159
3	4172
3	4174
3	4177
3	4185
3	4188
3	4189
3	4196
3	4190
3	6806
3	6822
3	6831
3	6837
3	6843
3	6846
3	6848
3	6862
3	6856
3	4212
3	4202
3	4204
3	4206
3	6869
3	4208
3	6880
3	4220
3	6882
3	4222
3	6885
3	6876
3	4214
3	6878
3	6893
3	4224
3	6888
3	4228
3	4241
3	4243
3	6897
3	4237
3	4254
3	4255
3	4256
3	4247
3	4260
3	4262
3	4265
3	4259
3	4273
3	4274
3	4277
3	4270
3	4268
3	4282
3	4287
3	4294
3	4297
3	6905
3	6902
3	6928
3	6929
3	6934
3	6945
3	6953
3	5622
3	6970
3	6963
3	4313
3	6974
3	4318
3	6990
3	4330
3	4331
3	5662
3	4333
3	4323
3	4324
3	4327
3	6989
3	3004
3	4335
3	4336
3	6998
3	4338
3	4339
3	3022
3	4348
3	4362
3	3026
3	4356
3	4375
3	3045
3	3039
3	3038
3	3037
3	3036
3	4367
3	4369
3	4381
3	4388
3	3050
3	3048
3	5703
3	5704
3	5715
3	5716
3	5731
3	4406
3	4430
3	5761
3	5763
3	4423
3	3108
3	3107
3	3104
3	4434
3	4450
3	4452
3	3122
3	3119
3	3114
3	4444
3	4447
3	4460
3	4463
3	5796
3	3133
3	3131
3	4457
3	4470
3	4476
3	3144
3	3143
3	3137
3	3135
3	4466
3	4482
3	4485
3	4486
3	4487
3	3156
3	3155
3	3153
3	3150
3	3149
3	3148
3	3146
3	4477
3	4493
3	4496
3	4498
3	3167
3	3166
3	3160
3	3178
3	3173
3	3171
3	3168
3	3186
3	3185
3	3182
3	3196
3	5807
3	5802
3	5812
3	5820
3	5821
3	5822
3	5823
3	5826
3	5839
3	5831
3	4502
3	5833
3	4504
3	5835
3	5851
3	5841
3	4511
3	4512
3	5843
3	4515
3	5846
3	4531
3	5853
3	4523
3	4528
3	5870
3	3208
3	3206
3	3205
3	4550
3	3221
3	3214
3	3212
3	5875
3	5876
3	5878
3	4560
3	4561
3	5892
3	5894
3	3233
3	3232
3	3229
3	3225
3	5888
3	5889
3	4571
3	3244
3	3242
3	3240
3	5896
3	4580
3	3253
3	3250
3	3246
3	3245
3	4597
3	3262
3	3258
3	3276
3	3275
3	3268
3	3267
3	3288
3	3286
3	3285
3	3282
3	3281
3	3278
3	3291
3	3296
3	3295
3	3292
3	5900
3	5903
3	5920
3	5921
3	4609
3	5933
3	5935
3	5950
3	4611
3	4612
3	4628
3	4621
3	4623
3	5957
3	5958
3	4633
3	4635
3	5966
3	5973
3	4649
3	4661
3	3332
3	3330
3	3326
3	4656
3	4671
3	3343
3	3342
3	3338
3	4664
3	5996
3	4667
3	5999
3	4683
3	3353
3	3352
3	3350
3	3344
3	4696
3	3365
3	3361
3	3356
3	4689
3	3376
3	3373
3	3372
3	3387
3	3385
3	3383
3	3382
3	3377
3	3390
3	3397
3	3395
3	3393
3	2081
3	2083
3	2092
3	9544
3	4709
3	4700
3	4701
3	4710
3	4713
3	4722
3	4740
3	3400
3	4751
3	3413
3	4743
3	4747
3	4761
3	3427
3	4755
3	3432
3	4765
3	4766
3	4767
3	2113
3	3444
3	4776
3	4795
3	3458
3	3455
3	4789
3	3474
3	4796
3	3497
3	3490
3	2174
3	3499
3	2167
3	3498
3	7036
3	7057
3	7056
3	7052
3	7065
3	7061
3	7074
3	7084
3	7083
3	4807
3	7099
3	7092
3	7095
3	7096
3	4817
3	4818
3	4811
3	4812
3	4826
3	3505
3	3503
3	3509
3	4835
3	4850
3	3511
3	3517
3	4853
3	4858
3	4872
3	3541
3	3537
3	4866
3	4880
3	3551
3	3548
3	3546
3	4878
3	4894
3	2222
3	4885
3	3572
3	3569
3	3566
3	2251
3	3577
3	3590
3	3586
3	2275
3	3599
3	2266
3	2286
3	2290
3	2297
3	2291
3	7117
3	4906
3	4908
3	4916
3	4926
3	4923
3	3600
3	3623
3	3627
4	4967
4	3645
4	3648
4	3662
4	3673
4	2341
4	3682
4	3683
4	2345
4	2344
4	3678
4	3694
4	2361
4	2360
4	2357
4	3688
4	2383
4	2396
4	2393
4	7207
4	7232
4	7286
4	7285
4	3717
4	3718
4	3722
4	3724
4	3748
4	2423
4	3754
4	3772
4	3764
4	3781
4	2491
4	2499
4	7314
4	7315
4	7326
4	6007
4	7355
4	6027
4	6018
4	6037
4	3816
4	2512
4	2521
4	3880
4	3886
4	2568
4	2575
4	2594
4	2597
4	7400
4	7402
4	7423
4	7417
4	7434
4	7467
4	6153
4	7483
4	6169
4	7493
4	6188
4	3906
4	3923
4	3948
4	2619
4	3941
4	3944
4	3957
4	3953
4	3955
4	1300
4	3964
4	3967
4	3980
4	3972
4	3991
4	3992
4	3987
4	2664
4	3996
4	1344
4	7506
4	7517
4	7532
4	6202
4	6210
4	7542
4	6214
4	7547
4	7560
4	6234
4	6236
4	6235
4	7557
4	6228
4	7573
4	6254
4	7595
4	6259
4	6271
4	6287
4	6280
4	6283
4	6295
4	6292
4	2731
4	2745
4	2744
4	2753
4	2751
4	2784
4	7609
4	7601
4	7604
4	7612
4	7631
4	7623
4	7640
4	7639
4	6314
4	7664
4	7663
4	7674
4	7668
4	6351
4	7682
4	7684
4	6352
4	7685
4	7688
4	6368
4	7689
4	6373
4	6370
4	6383
4	6385
4	6387
4	2874
4	2879
4	2898
4	6410
4	7743
4	6402
4	6409
4	6408
4	7739
4	6416
4	7760
4	6431
4	6440
4	6443
4	7769
4	7792
4	7791
4	6459
4	6485
4	2912
4	2942
4	2948
4	2946
4	2951
4	2980
4	2971
4	2970
4	2988
4	2994
4	7804
4	7820
4	7817
4	7825
4	7837
4	6541
4	6536
4	6538
4	6554
4	6545
4	6566
4	6573
4	6577
4	6567
4	6581
4	6594
4	6597
4	6596
4	6598
4	6590
4	7923
4	7939
4	6602
4	6631
4	6636
4	6639
4	6645
4	6661
4	4013
4	4004
4	4005
4	4007
4	4008
4	4020
4	6683
4	4023
4	4025
4	4015
4	6677
4	6698
4	4036
4	4044
4	4045
4	4046
4	6699
4	4054
4	4056
4	4057
4	4058
4	4048
4	4062
4	4067
4	4070
4	4092
4	4093
4	1813
4	6708
4	6702
4	6704
4	6703
4	6719
4	6710
4	6715
4	6717
4	6739
4	6760
4	6757
4	6756
4	6771
4	4111
4	6766
4	6767
4	6781
4	4116
4	4130
4	6795
4	4134
4	6796
4	6788
4	4142
4	4156
4	4163
4	4171
4	4198
4	1999
4	6815
4	6830
4	6828
4	6842
4	6871
4	4203
4	4205
4	6875
4	6890
4	4230
4	6891
4	4232
4	6896
4	4226
4	4244
4	4239
4	4250
4	4248
4	4257
4	4276
4	4283
4	4289
4	4296
4	4290
4	4291
4	6906
4	6908
4	6903
4	6919
4	6911
4	6952
4	4310
4	4311
4	6972
4	6964
4	4307
4	4319
4	6986
4	4325
4	4340
4	4352
4	4353
4	4364
4	4370
4	4384
4	3052
4	4380
4	4378
4	4394
4	4395
4	3064
4	4390
4	4391
4	3077
4	3072
4	5710
4	5724
4	4405
4	4419
4	4416
4	4417
4	4418
4	5756
4	4441
4	4435
4	4437
4	5785
4	3115
4	5790
4	4461
4	5792
4	4464
4	3126
4	4472
4	4474
4	3145
4	4484
4	3152
4	4491
4	4490
4	3174
4	3184
4	3179
4	5808
4	5817
4	5810
4	5811
4	5824
4	5840
4	4503
4	4510
4	5844
4	4514
4	4517
4	5860
4	5855
4	5856
4	5857
4	5858
4	5859
4	4540
4	5873
4	5863
4	4535
4	5868
4	3209
4	5882
4	4549
4	5890
4	5893
4	5895
4	4557
4	5898
4	4568
4	5899
4	4569
4	4583
4	3255
4	3248
4	4593
4	3260
4	3257
4	4598
4	5906
4	5915
4	5916
4	5918
4	5919
4	5926
4	5927
4	5929
4	5925
4	4600
4	5936
4	5948
4	4618
4	4619
4	5941
4	5943
4	5945
4	5947
4	5951
4	5954
4	4627
4	5971
4	5964
4	5967
4	5968
4	4647
4	4648
4	5992
4	3327
4	3334
4	5997
4	4668
4	4684
4	3345
4	4676
4	4677
4	4695
4	3364
4	3374
4	3368
4	3380
4	3396
4	3399
4	9536
4	4711
4	4720
4	3406
4	3402
4	4735
4	3420
4	4749
4	3426
4	3421
4	4753
4	3429
4	3438
4	3435
4	3434
4	4768
4	4783
4	3451
4	3443
4	4791
4	4792
4	3456
4	4787
4	3475
4	3471
4	3485
4	3483
4	3478
4	3492
4	3488
4	7020
4	7037
4	7039
4	7069
4	7073
4	7075
4	7087
4	7098
4	7091
4	4820
4	4822
4	4837
4	4838
4	3500
4	3516
4	3512
4	4861
4	3530
4	3522
4	4855
4	4857
4	3535
4	4868
4	4883
4	3552
4	2212
4	4874
4	4875
4	3560
4	3558
4	3556
4	3554
4	3571
4	4895
4	3580
4	3576
4	3588
4	2282
4	7104
4	7141
4	7159
4	4903
4	4904
4	4905
4	4902
4	7191
4	4919
4	4913
4	4929
4	3602
4	3608
4	3606
4	3612
4	3626
4	3629
4	3628
5	3638
5	3632
5	2379
5	7201
5	7211
5	7208
5	7221
5	7235
5	7236
5	7244
5	7299
5	3770
5	3768
5	3776
5	7312
5	7321
5	7330
5	7343
5	7344
5	7337
5	7354
5	7360
5	6043
5	7378
5	7385
5	7384
5	6062
5	3842
5	2579
5	7431
5	7432
5	7435
5	7445
5	7436
5	7451
5	7453
5	7473
5	7484
5	6191
5	3917
5	3928
5	3936
5	3937
5	3930
5	3949
5	3959
5	3951
5	3970
5	3960
5	3975
5	3983
5	3984
5	3994
5	3997
5	2692
5	7500
5	7510
5	7505
5	7508
5	7526
5	7540
5	6212
5	7552
5	7554
5	7562
5	6226
5	7575
5	7582
5	6297
5	2740
5	2782
5	7621
5	7614
5	7617
5	7628
5	7648
5	7649
5	6332
5	6328
5	6329
5	6349
5	6358
5	6378
5	6371
5	6388
5	6380
5	6398
5	2883
5	2899
5	7718
5	7717
5	7723
5	7725
5	7738
5	7737
5	7752
5	7746
5	7748
5	6425
5	7757
5	6429
5	7772
5	7774
5	7767
5	7766
5	6438
5	6439
5	7778
5	7794
5	6458
5	2957
5	2979
5	2978
5	7800
5	7802
5	7833
5	7851
5	7859
5	6543
5	6556
5	6559
5	6572
5	6575
5	6574
5	6568
5	6582
5	6579
5	6592
5	7931
5	6615
5	6650
5	6660
5	6665
5	6659
5	6671
5	4012
5	6687
5	6678
5	4030
5	4031
5	6694
5	4029
5	4047
5	4052
5	4053
5	4050
5	4049
5	4063
5	4060
5	4075
5	4080
5	4095
5	4096
5	4099
5	6720
5	6725
5	6727
5	6743
5	6754
5	6773
5	6765
5	6769
5	6784
5	6783
5	4123
5	6786
5	6779
5	4135
5	4146
5	4157
5	4167
5	4173
5	4175
5	4178
5	4179
5	4169
5	4194
5	4193
5	6841
5	6839
5	4217
5	4218
5	6886
5	4240
5	4236
5	4238
5	4252
5	4267
5	4271
5	4284
5	4288
5	4280
5	4279
5	4295
5	4299
5	6939
5	6947
5	4306
5	6967
5	4322
5	6977
5	6979
5	4329
5	4341
5	4344
5	3005
5	4347
5	4349
5	4371
5	4386
5	4379
5	4392
5	4393
5	4398
5	3065
5	5709
5	5718
5	5740
5	5741
5	4411
5	4443
5	3106
5	3118
5	3116
5	4458
5	4475
5	3161
5	3158
5	3177
5	3169
5	3180
5	3187
5	4509
5	5830
5	4518
5	5872
5	5867
5	5880
5	3216
5	4545
5	5877
5	5891
5	3227
5	5887
5	4565
5	4585
5	3261
5	5904
5	5905
5	5902
5	5931
5	4617
5	5944
5	5953
5	5956
5	5980
5	4651
5	5982
5	5976
5	5993
5	5994
5	4678
5	3363
5	3371
5	3388
5	4719
5	3404
5	4736
5	3416
5	4745
5	3431
5	3422
5	4754
5	3441
5	4784
5	3447
5	4794
5	3462
5	3460
5	3454
5	3470
5	3467
5	3486
5	3481
5	3480
5	3495
5	3493
5	7021
5	7038
5	7046
5	7077
5	7078
5	7071
5	7070
5	7072
5	7088
5	4809
5	4828
5	4829
5	3508
5	3506
5	4848
5	3513
5	3519
5	3528
5	4881
5	3544
5	3567
5	4896
5	3578
5	3596
5	3593
5	3589
5	3597
5	2292
5	7102
5	7107
5	4901
5	4924
5	3620
6	2314
6	7205
6	7220
6	7219
6	7231
6	7229
6	7245
6	7240
6	7253
6	7257
6	7250
6	7277
6	7273
6	7281
6	3774
6	7302
6	7323
6	7325
6	7340
6	7349
6	6032
6	7361
6	7374
6	7386
6	7398
6	7393
6	7403
6	7405
6	7430
6	7425
6	7427
6	6113
6	7444
6	7439
6	7450
6	7457
6	7456
6	7448
6	7470
6	7485
6	7489
6	7480
6	7495
6	7490
6	3929
6	3939
6	3931
6	3974
6	3982
6	2669
6	7511
6	7503
6	7504
6	7521
6	7523
6	7518
6	7531
6	7533
6	7536
6	7550
6	7561
6	7576
6	7568
6	7587
6	2746
6	7620
6	7635
6	7634
6	7657
6	6327
6	7669
6	7687
6	6362
6	7699
6	6396
6	2882
6	6406
6	7749
6	7781
6	7779
6	6469
6	2967
6	2991
6	7805
6	6562
6	6571
6	6604
6	6669
6	4035
6	4064
6	4076
6	4077
6	4079
6	6737
6	4113
6	6768
6	4106
6	4115
6	6787
6	4192
6	4209
6	4231
6	4234
6	4225
6	4227
6	6898
6	4264
6	4292
6	6936
6	6951
6	6943
6	6981
6	6983
6	6993
6	4337
6	4355
6	4345
6	4361
6	4368
6	4410
6	5737
6	4425
6	4451
6	3132
6	3142
6	5806
6	5829
6	5836
6	4513
6	5871
6	5869
6	4554
6	5886
6	4574
6	3243
6	3237
6	4588
6	5923
6	5930
6	5932
6	5946
6	4616
6	5959
6	5952
6	5955
6	4632
6	5963
6	5969
6	5975
6	4653
6	5989
6	3360
6	3398
6	3392
6	4731
6	3430
6	3428
6	3425
6	3452
6	3446
6	4793
6	7027
6	7035
6	7031
6	7043
6	7040
6	7051
6	7053
6	7066
6	7060
6	7063
6	7076
6	7079
6	7082
6	7081
6	7093
6	7097
6	4815
6	4823
6	3514
6	3518
6	3524
6	3540
6	3531
6	4879
6	3559
6	4898
6	3582
6	7125
6	7143
6	7147
6	7146
6	7156
6	7169
6	7179
6	7180
6	7185
6	4909
6	4900
6	4918
7	7204
7	7254
7	7258
7	7272
7	7295
7	7310
7	7311
7	7320
7	7317
7	7333
7	7336
7	7351
7	7369
7	7377
7	7388
7	2589
7	7401
7	7411
7	7412
7	7404
7	7409
7	7422
7	7429
7	7477
7	7471
7	7482
7	7481
7	7499
7	7512
7	7524
7	7545
7	7544
7	7569
7	7615
7	7643
7	6366
7	6365
7	6360
7	6386
7	6397
7	6405
7	6432
7	6449
7	2996
7	6548
7	6603
7	4074
7	4084
7	4088
7	4090
7	6728
7	6761
7	6775
7	4109
7	4127
7	4207
7	4233
7	6907
7	6927
7	6930
7	6965
7	6985
7	6987
7	3074
7	5707
7	4445
7	3127
7	4506
7	4559
7	5917
7	5922
7	5937
7	5939
7	5949
7	4626
7	5970
7	3314
7	5979
7	4657
7	3359
7	3358
7	3394
7	4721
7	3415
7	4757
7	4775
7	7025
7	7044
7	7049
7	4813
7	3526
7	3538
7	4865
7	3584
7	2267
7	7101
7	7115
7	7106
7	7123
7	7131
7	7145
7	7167
7	7161
7	7176
7	7184
7	7198
7	7194
8	7200
8	7215
8	7214
8	7206
8	7226
8	7225
8	7218
8	7242
8	7251
8	7261
8	7289
8	7284
8	7303
8	7327
8	7328
8	7341
8	7347
8	7346
8	7353
8	7363
8	7375
8	7372
8	7399
8	7408
8	7418
8	7441
8	7437
8	7452
8	7466
8	7475
8	7479
8	7488
8	7487
8	7496
8	7491
8	2613
8	3969
8	3976
8	3990
8	2665
8	7516
8	7527
8	7593
8	7590
8	7591
8	2794
8	7602
8	7622
8	7616
8	7619
8	7642
8	6356
8	7770
8	7787
8	7786
8	7807
8	7821
8	7828
8	6524
8	4055
8	4066
8	4082
8	6942
8	3070
8	4422
8	5924
8	5934
8	5942
8	5977
8	5990
8	5995
8	3378
8	3418
8	7042
8	7059
8	7050
8	7067
8	7062
8	7086
8	7094
8	4832
8	4891
8	4888
8	7100
8	7111
8	7124
8	7127
8	7137
8	7142
8	7139
8	7168
8	7163
8	7175
8	7170
8	7189
9	7223
9	7247
9	7255
9	7263
9	7260
9	7274
9	7279
9	7271
9	7270
9	7280
9	7282
9	7296
9	7291
9	7292
9	7294
9	7322
9	7316
9	7318
9	7319
9	6001
9	7329
9	7342
9	7338
9	7339
9	7356
9	7348
9	7365
9	7373
9	7381
9	7397
9	7415
9	7416
9	7419
9	7428
9	7442
9	7454
9	7464
9	7463
9	7468
9	7459
9	7497
9	7492
9	3962
9	7589
9	7579
9	7638
9	7780
9	7811
9	6941
9	3068
9	9350
9	5965
9	5986
9	9500
9	7033
9	7047
9	7041
9	7055
9	7085
9	7103
9	7110
9	7114
9	7116
9	7109
9	7108
9	7118
9	7138
9	7130
9	7144
9	7148
9	7154
9	7157
9	7165
9	7164
9	7162
9	7177
9	7182
9	7199
9	7190
9	7193
10	7212
10	7209
10	7233
10	7241
10	7246
10	7239
10	7259
10	7249
10	7268
10	7267
10	7275
10	7297
10	7290
10	7301
10	7300
10	7304
10	7366
10	7359
10	7380
10	7383
10	7396
10	7410
10	7421
10	7424
10	7414
10	7455
10	7461
10	7465
10	7476
10	7469
10	7529
10	7586
10	7645
10	7696
10	7764
10	7782
10	7788
10	6995
10	5914
10	5961
10	5987
10	5988
10	4659
10	9506
10	7034
10	7030
10	4897
10	7128
10	7153
10	7150
10	7160
10	7172
10	7171
10	7186
10	7196
11	7234
11	7265
11	7262
11	7276
11	7287
11	7357
11	7368
11	7376
11	7379
11	7389
11	7382
11	7395
11	7391
11	7406
11	7460
11	7478
11	7486
11	7494
11	7498
11	7567
11	7729
11	6569
11	6914
11	5962
11	5983
11	5974
11	5978
11	5991
11	5984
11	3436
11	7048
11	7105
11	7112
11	7122
11	7119
11	7155
11	7151
11	7166
11	7173
11	7183
11	7195
12	7202
12	7222
12	7217
12	7243
12	7256
12	7266
12	7269
12	7278
12	7332
12	7352
12	7350
12	7367
12	7390
12	7394
12	7426
12	7447
12	7472
12	3956
12	7514
12	7535
12	7574
12	7776
12	6909
12	6991
12	6997
12	7016
12	7023
12	7120
12	7132
12	7129
12	7149
12	7174
13	7210
13	7237
13	7227
13	7248
13	7252
13	7264
13	7298
13	7293
13	7305
13	7309
13	7308
13	7362
13	7387
13	7462
13	7474
13	7578
13	7032
13	7121
13	7197
14	7224
14	7216
14	7364
14	7458
14	7713
14	7784
14	7017
14	7126
14	7133
14	7135
15	7307
15	7556
15	7566
15	7603
15	6613
15	5985
15	9602
15	7026
15	7136
15	7192
16	7230
16	7228
16	7358
16	7537
16	7644
16	7647
16	7134
17	7324
17	5981
18	7018
19	7588
19	7028
20	7238
20	7646
20	7024
22	7188
23	9507
24	9503
26	7029
30	7022
33	9101
58	9502
94	9512
112	9600
118	9363
122	9510
